30
ChopNocOp62No1_Chopin 0.00000 0.98170 0.96876 0.98706 0.98233 0.97602 0.98107 0.99085 0.99148 0.97507 1.00063 0.98548 0.99148 0.99180 0.97823 0.99495 0.99243 0.99022 0.99053 0.99432 0.99527 0.99432 0.99243 0.99243 0.98296 0.99811 0.99400 0.98769 0.98738 0.99022
ChopNocOp37No1_Chopin 0.98170 0.00000 0.94843 0.96945 0.97577 0.96120 0.97301 0.98737 0.94824 0.97360 0.98876 0.95995 0.98580 0.98271 0.93739 0.97227 0.97406 0.96422 0.96691 0.97138 0.97764 0.97048 0.96959 0.97674 0.96333 0.97048 0.95707 0.94275 0.93828 0.96601
ChopNocOp62No2_Chopin 0.96876 0.94843 0.00000 0.98499 0.98172 0.96440 0.95921 0.99737 0.97422 0.97567 0.99833 0.97953 0.98126 0.99272 0.96869 0.98649 0.98465 0.98158 0.98036 0.98588 0.98956 0.98220 0.98281 0.97974 0.97483 0.98036 0.96931 0.96869 0.96562 0.97667
ChopNocOp9No2_Chopin 0.98706 0.96945 0.98499 0.00000 0.98299 0.97267 0.98875 0.99368 0.97749 0.97153 0.99459 0.97152 0.99464 0.98772 0.96838 0.99089 0.98714 0.98285 0.98339 0.98982 0.98821 0.98821 0.98446 0.98714 0.97320 0.99678 0.98071 0.97964 0.97374 0.98446
ChopNocOp37No2_Chopin 0.98233 0.97577 0.98172 0.98299 0.00000 0.96896 0.97321 0.99150 0.97874 0.97194 1.00458 0.97194 0.98384 0.99022 0.97321 0.99150 0.98937 0.98767 0.98682 0.99065 0.99617 0.98810 0.99022 0.98895 0.97662 0.98639 0.97364 0.97704 0.97534 0.98980
ChopNocOp27No2_Chopin 0.97602 0.96120 0.96440 0.97267 0.96896 0.00000 0.97660 0.99895 0.98498 0.96894 1.00541 0.98353 0.99319 0.98590 0.95432 0.98498 0.98185 0.97872 0.97935 0.98185 0.98748 0.98123 0.98185 0.97997 0.97247 0.98310 0.97997 0.97497 0.96746 0.98748
ChopNocOp48No2_Chopin 0.98107 0.97301 0.95921 0.98875 0.97321 0.97660 0.00000 0.97737 0.96941 0.97516 1.00083 0.97819 0.98069 0.98271 0.95981 0.98440 0.98320 0.97840 0.97840 0.98380 0.98920 0.98020 0.98140 0.97900 0.97181 0.97780 0.97421 0.96941 0.96641 0.97840
ChopNocOp27No1_Chopin 0.99085 0.98737 0.99737 0.99368 0.99150 0.99895 0.97737 0.00000 0.97789 0.97826 1.00624 0.97241 0.98684 0.97225 0.97105 0.98895 0.98474 0.98158 0.98316 0.98579 0.98895 0.98526 0.98316 0.98737 0.97947 0.98842 0.97316 0.97316 0.96526 0.98000
ChopNocOp15No3_Chopin 0.99148 0.94824 0.97422 0.97749 0.97874 0.98498 0.96941 0.97789 0.00000 0.97360 0.99917 0.97686 0.98410 0.99045 0.96392 0.97569 0.97333 0.97020 0.97255 0.97569 0.97725 0.97333 0.97176 0.97412 0.97333 0.98039 0.96549 0.96157 0.95216 0.96392
ChopNocOp15No2_Chopin 0.97507 0.97360 0.97567 0.97153 0.97194 0.96894 0.97516 0.97826 0.97360 0.00000 1.00541 0.96751 0.98913 0.97361 0.96532 0.98706 0.98551 0.98344 0.98240 0.98654 0.98861 0.98706 0.98395 0.98654 0.97308 0.98706 0.97412 0.97930 0.97567 0.98085
ChopNocOp15No1_Chopin 1.00063 0.98876 0.99833 0.99459 1.00458 1.00541 1.00083 1.00624 0.99917 1.00541 0.00000 0.97669 0.98626 0.98251 0.97918 0.99334 0.98751 0.98460 0.98751 0.99167 0.98834 0.99126 0.98709 0.98918 0.98460 0.99417 0.98501 0.98251 0.98127 0.98501
ChopNocOp55No2_Chopin 0.98548 0.95995 0.97953 0.97152 0.97194 0.98353 0.97819 0.97241 0.97686 0.96751 0.97669 0.00000 0.98398 0.97730 0.97419 0.99021 0.98709 0.98487 0.98531 0.98887 0.99199 0.98932 0.98709 0.98576 0.97908 0.99199 0.98353 0.97908 0.97196 0.98843
ChopNocOp55No1_Chopin 0.99148 0.98580 0.98126 0.99464 0.98384 0.99319 0.98069 0.98684 0.98410 0.98913 0.98626 0.98398 0.00000 0.97725 0.96479 0.98637 0.98353 0.98012 0.98183 0.98467 0.98807 0.98353 0.98353 0.98240 0.97445 0.98807 0.97161 0.97274 0.96990 0.97558
ChopNocOp32No2_Chopin 0.99180 0.98271 0.99272 0.98772 0.99022 0.98590 0.98271 0.97225 0.99045 0.97361 0.98251 0.97730 0.97725 0.00000 0.96770 0.99227 0.98817 0.98544 0.98681 0.98863 0.98999 0.98863 0.98772 0.98863 0.97816 0.99318 0.97953 0.97998 0.97862 0.98544
ChopNocOp32No1_Chopin 0.97823 0.93739 0.96869 0.96838 0.97321 0.95432 0.95981 0.97105 0.96392 0.96532 0.97918 0.97419 0.96479 0.96770 0.00000 0.96580 0.96788 0.96166 0.96062 0.96788 0.97306 0.96062 0.96477 0.96580 0.95440 0.97202 0.94715 0.94922 0.93161 0.96062
ChopPrel1_Chopin 0.99495 0.97227 0.98649 0.99089 0.99150 0.98498 0.98440 0.98895 0.97569 0.98706 0.99334 0.99021 0.98637 0.99227 0.96580 0.00000 0.86400 0.86861 0.82000 0.85342 0.89902 0.82963 0.86851 0.84000 0.92235 0.94957 0.96396 0.92555 0.96053 0.95308
ChopPrel2_Chopin 0.99243 0.97406 0.98465 0.98714 0.98937 0.98185 0.98320 0.98474 0.97333 0.98551 0.98751 0.98709 0.98353 0.98817 0.96788 0.86400 0.00000 0.84307 0.78319 0.86645 0.88274 0.84074 0.82699 0.82301 0.91765 0.93913 0.96284 0.93360 0.96711 0.94868
ChopPrel6_Chopin 0.99022 0.96422 0.98158 0.98285 0.98767 0.97872 0.97840 0.98158 0.97020 0.98344 0.98460 0.98487 0.98012 0.98544 0.96166 0.86861 0.84307 0.00000 0.82847 0.85668 0.88274 0.80657 0.84775 0.83942 0.90588 0.93739 0.96059 0.92555 0.95724 0.94575
ChopPrel7_Chopin 0.99053 0.96691 0.98036 0.98339 0.98682 0.97935 0.97840 0.98316 0.97255 0.98240 0.98751 0.98531 0.98183 0.98681 0.96062 0.82000 0.78319 0.82847 0.00000 0.84039 0.86645 0.81852 0.84775 0.79556 0.91059 0.93739 0.96284 0.92354 0.95833 0.95015
ChopPrel3_Chopin 0.99432 0.97138 0.98588 0.98982 0.99065 0.98185 0.98380 0.98579 0.97569 0.98654 0.99167 0.98887 0.98467 0.98863 0.96788 0.85342 0.86645 0.85668 0.84039 0.00000 0.88599 0.83713 0.87296 0.85342 0.91529 0.94087 0.95946 0.92354 0.96053 0.94575
ChopPrel4_Chopin 0.99527 0.97764 0.98956 0.98821 0.99617 0.98748 0.98920 0.98895 0.97725 0.98861 0.98834 0.99199 0.98807 0.98999 0.97306 0.89902 0.88274 0.88274 0.86645 0.88599 0.00000 0.84365 0.82410 0.85668 0.92000 0.94609 0.96734 0.94165 0.97039 0.95015
ChopPrel5_Chopin 0.99432 0.97048 0.98220 0.98821 0.98810 0.98123 0.98020 0.98526 0.97333 0.98706 0.99126 0.98932 0.98353 0.98863 0.96062 0.82963 0.84074 0.80657 0.81852 0.83713 0.84365 0.00000 0.87197 0.84074 0.91294 0.93217 0.95946 0.92153 0.96053 0.94868
ChopPrel9_Chopin 0.99243 0.96959 0.98281 0.98446 0.99022 0.98185 0.98140 0.98316 0.97176 0.98395 0.98709 0.98709 0.98353 0.98772 0.96477 0.86851 0.82699 0.84775 0.84775 0.87296 0.82410 0.87197 0.00000 0.84775 0.91059 0.94609 0.96059 0.92757 0.96382 0.95015
ChopPrel10_Chopin 0.99243 0.97674 0.97974 0.98714 0.98895 0.97997 0.97900 0.98737 0.97412 0.98654 0.98918 0.98576 0.98240 0.98863 0.96580 0.84000 0.82301 0.83942 0.79556 0.85342 0.85668 0.84074 0.84775 0.00000 0.91529 0.94087 0.96396 0.92757 0.96491 0.94868
ChopPrel11_Chopin 0.98296 0.96333 0.97483 0.97320 0.97662 0.97247 0.97181 0.97947 0.97333 0.97308 0.98460 0.97908 0.97445 0.97816 0.95440 0.92235 0.91765 0.90588 0.91059 0.91529 0.92000 0.91294 0.91059 0.91529 0.00000 0.93565 0.94707 0.92354 0.94298 0.94428
ChopPrel14_Chopin 0.99811 0.97048 0.98036 0.99678 0.98639 0.98310 0.97780 0.98842 0.98039 0.98706 0.99417 0.99199 0.98807 0.99318 0.97202 0.94957 0.93913 0.93739 0.93739 0.94087 0.94609 0.93217 0.94609 0.94087 0.93565 0.00000 0.95495 0.94609 0.95175 0.95308
ChopPrel18_Chopin 0.99400 0.95707 0.96931 0.98071 0.97364 0.97997 0.97421 0.97316 0.96549 0.97412 0.98501 0.98353 0.97161 0.97953 0.94715 0.96396 0.96284 0.96059 0.96284 0.95946 0.96734 0.95946 0.96059 0.96396 0.94707 0.95495 0.00000 0.94482 0.94518 0.96171
ChopPrel20_Chopin 0.98769 0.94275 0.96869 0.97964 0.97704 0.97497 0.96941 0.97316 0.96157 0.97930 0.98251 0.97908 0.97274 0.97998 0.94922 0.92555 0.93360 0.92555 0.92354 0.92354 0.94165 0.92153 0.92757 0.92757 0.92354 0.94609 0.94482 0.00000 0.92763 0.94575
ChopPrel22_Chopin 0.98738 0.93828 0.96562 0.97374 0.97534 0.96746 0.96641 0.96526 0.95216 0.97567 0.98127 0.97196 0.96990 0.97862 0.93161 0.96053 0.96711 0.95724 0.95833 0.96053 0.97039 0.96053 0.96382 0.96491 0.94298 0.95175 0.94518 0.92763 0.00000 0.96930
ChopPrel23_Chopin 0.99022 0.96601 0.97667 0.98446 0.98980 0.98748 0.97840 0.98000 0.96392 0.98085 0.98501 0.98843 0.97558 0.98544 0.96062 0.95308 0.94868 0.94575 0.95015 0.94575 0.95015 0.94868 0.95015 0.94868 0.94428 0.95308 0.96171 0.94575 0.96930 0.00000
