37
a_hard_days_night_The_Beatles 0.00000 1.00000 0.95909 0.99291 0.95337 0.92963 1.00000 0.94513 0.98562 0.99238 1.00000 1.01614 0.99136 0.99025 0.99718 0.99442 0.98614 0.98746 0.99168 0.98495 0.99742 0.99086 0.99984 1.00176 0.99936 0.99329 0.99049 0.99960 1.00000 0.98754 0.96851 0.98881 0.98722 0.98264 0.99717 0.99160 0.99812
eleanor_rigby_The_Beatles 1.00000 0.00000 0.95459 0.99088 0.98873 0.88359 0.88029 1.03492 0.90788 0.98945 0.90983 0.94694 0.99457 1.00508 0.99319 0.99609 0.99424 0.99661 0.99576 0.99444 0.99933 0.99342 1.00000 0.99846 1.00000 0.99489 0.99768 1.00000 1.00000 0.99795 0.99856 1.00000 1.01186 0.98612 0.99826 0.99622 0.99307
help_The_Beatles 0.95909 0.95459 0.00000 0.99342 0.97767 1.00000 0.99021 0.99248 0.97473 0.99306 0.97266 0.98811 0.99698 0.99911 0.98826 0.99050 0.99300 1.00323 0.99325 0.99048 0.99427 0.98674 0.99152 0.98619 0.99020 1.00134 0.99744 0.99610 1.00000 0.98291 0.94396 0.95277 0.99479 0.98972 0.99531 0.98237 0.97622
hey_jude_The_Beatles 0.99291 0.99088 0.99342 0.00000 1.00000 0.93555 1.00000 0.99338 0.98657 0.99300 1.00000 0.99200 0.98203 0.99292 0.99758 0.99394 0.98472 0.99101 0.98867 0.98906 1.00000 0.99517 0.99844 0.99473 0.99610 0.98727 0.99061 0.99777 0.99874 0.99719 0.99082 1.00000 0.98780 0.99674 1.00000 0.99897 0.99853
i_saw_her_standing_there_The_Beatles 0.95337 0.98873 0.97767 1.00000 0.00000 0.97741 1.00000 0.94035 0.92661 1.00000 0.99497 1.01367 0.99390 1.00000 0.99329 0.99976 1.00143 0.99325 0.99466 0.99623 0.99804 0.99339 0.99875 0.99683 0.99711 1.00679 0.98911 0.99966 0.99594 1.00616 0.98604 0.98680 0.99710 1.00116 1.01245 1.01563 0.98835
i_want_to_hold_your_hand_The_Beatles 0.92963 0.88359 1.00000 0.93555 0.97741 0.00000 0.94429 0.89414 0.87465 0.97468 0.96328 0.94346 0.99739 1.00326 1.00031 1.00207 0.99311 0.98966 0.99598 0.99590 0.99867 0.99999 1.00000 0.99107 1.00000 1.00211 0.99856 1.00000 1.00000 0.98982 1.00497 0.99686 1.01362 1.00720 1.00000 0.99371 1.00000
in_my_life_The_Beatles 1.00000 0.88029 0.99021 1.00000 1.00000 0.94429 0.00000 1.00000 0.93485 1.00000 0.93094 0.99428 0.99540 1.00000 0.98388 1.00415 1.00000 0.99313 0.98977 0.99278 0.99934 0.99503 1.00296 0.99736 0.99592 0.99146 1.00000 1.00000 0.99861 0.99348 0.99021 1.01068 0.99005 0.97984 0.99829 0.98764 0.97733
let_it_be_The_Beatles 0.94513 1.03492 0.99248 0.99338 0.94035 0.89414 1.00000 0.00000 0.99426 1.00000 1.00000 1.01269 0.99145 0.99208 0.99459 0.99765 0.98934 0.99655 0.99215 0.99676 1.00000 0.99902 1.00000 0.99583 1.00000 0.99061 0.99246 0.99969 0.99501 0.98613 0.99222 1.00000 0.99022 0.99543 1.00000 1.00408 1.00000
she_loves_you_The_Beatles 0.98562 0.90788 0.97473 0.98657 0.92661 0.87465 0.93485 0.99426 0.00000 0.97151 0.95976 0.99145 0.98078 1.00270 0.97921 0.98827 0.98877 0.98024 0.98248 0.98635 0.99617 0.98716 0.99809 0.99040 0.99513 0.97818 0.99941 1.00171 0.97703 0.99356 0.97789 1.00015 0.97644 0.96651 0.99056 0.98520 0.99637
strawberry_fields_forever_The_Beatles 0.99238 0.98945 0.99306 0.99300 1.00000 0.97468 1.00000 1.00000 0.97151 0.00000 1.00000 1.00000 0.99706 0.99451 1.00000 0.99431 0.99847 0.99841 0.99187 0.99401 1.00000 0.99619 0.99745 0.99253 0.99729 0.99784 0.99583 0.99722 1.00000 0.99738 0.99756 1.00000 0.99898 0.99388 1.00000 0.99717 0.99725
while_my_guitar_gently_weeps_The_Beatles 1.00000 0.90983 0.97266 1.00000 0.99497 0.96328 0.93094 1.00000 0.95976 1.00000 0.00000 1.00000 0.99259 0.99921 0.99745 0.99642 0.99923 0.99567 0.99423 0.99808 1.00000 0.99763 0.99949 0.99860 1.00000 0.99647 0.99792 1.00000 1.00000 1.00000 1.00000 0.99758 0.99427 0.99601 1.00000 0.99904 0.99574
yesterday_The_Beatles 1.01614 0.94694 0.98811 0.99200 1.01367 0.94346 0.99428 1.01269 0.99145 1.00000 1.00000 0.00000 0.99761 1.00380 1.00135 1.00277 0.99480 0.99792 1.00048 0.99521 1.00000 0.99900 1.00000 0.99951 0.99858 0.99469 1.00096 0.99942 1.00000 0.99718 0.99086 0.99751 0.99200 1.00073 1.00000 0.99900 0.99852
BachInven1_Bach 0.99136 0.99457 0.99698 0.98203 0.99390 0.99739 0.99540 0.99145 0.98078 0.99706 0.99259 0.99761 0.00000 0.92525 0.90063 0.90240 0.91356 0.83067 0.90683 0.83002 0.91942 0.87234 0.98399 0.97639 0.99334 0.83550 0.88666 0.96393 0.95510 0.97921 0.95681 0.98218 0.86021 0.93776 0.96450 0.97622 0.98910
BachInven2_Bach 0.99025 1.00508 0.99911 0.99292 1.00000 1.00326 1.00000 0.99208 1.00270 0.99451 0.99921 1.00380 0.92525 0.00000 0.97486 0.91028 0.87394 0.92597 0.83855 0.89629 0.85863 0.87037 0.93345 0.93366 0.91810 0.91521 0.84562 0.90797 0.99222 0.98669 1.00936 0.99935 0.94549 0.96801 0.98874 0.98551 0.98899
BachInven3_Bach 0.99718 0.99319 0.98826 0.99758 0.99329 1.00031 0.98388 0.99459 0.97921 1.00000 0.99745 1.00135 0.90063 0.97486 0.00000 0.94593 0.96906 0.90473 0.96425 0.88185 0.98313 0.96609 0.98468 0.98557 0.97880 0.89310 0.95252 0.97923 0.98330 0.98912 0.88544 0.96865 0.90998 0.97028 0.95543 0.95989 0.97033
BachSon1m1_Bach 0.99442 0.99609 0.99050 0.99394 0.99976 1.00207 1.00415 0.99765 0.98827 0.99431 0.99642 1.00277 0.90240 0.91028 0.94593 0.00000 0.83775 0.92985 0.89259 0.87518 0.92395 0.92616 0.96585 0.95138 0.96620 0.90155 0.90308 0.96061 0.97048 0.99298 0.95312 0.97176 0.93433 0.98005 0.97656 0.99016 0.99344
BachSon1m3_Bach 0.98614 0.99424 0.99300 0.98472 1.00143 0.99311 1.00000 0.98934 0.98877 0.99847 0.99923 0.99480 0.91356 0.87394 0.96906 0.83775 0.00000 0.92710 0.88938 0.89576 0.90897 0.90542 0.95440 0.95830 0.95766 0.91446 0.90442 0.95654 0.97564 0.99172 0.97856 0.99309 0.95245 0.98048 0.98806 0.99193 0.99913
BachWTK2F1_Bach 0.98746 0.99661 1.00323 0.99101 0.99325 0.98966 0.99313 0.99655 0.98024 0.99841 0.99567 0.99792 0.83067 0.92597 0.90473 0.92985 0.92710 0.00000 0.90398 0.82234 0.93005 0.88645 0.98923 0.98243 0.99332 0.82816 0.89275 0.96895 0.96573 0.98490 0.97463 0.99110 0.89316 0.96743 0.97476 0.97959 0.99299
BachWTK2F2_Bach 0.99168 0.99576 0.99325 0.98867 0.99466 0.99598 0.98977 0.99215 0.98248 0.99187 0.99423 1.00048 0.90683 0.83855 0.96425 0.89259 0.88938 0.90398 0.00000 0.88145 0.83716 0.84103 0.92878 0.91209 0.91798 0.90553 0.82306 0.89696 0.97058 0.98449 0.98343 0.99663 0.92769 0.95374 0.98414 0.97879 0.97317
BachWTK2P1_Bach 0.98495 0.99444 0.99048 0.98906 0.99623 0.99590 0.99278 0.99676 0.98635 0.99401 0.99808 0.99521 0.83002 0.89629 0.88185 0.87518 0.89576 0.82234 0.88145 0.00000 0.91858 0.88545 0.97339 0.96373 0.96743 0.84074 0.88452 0.95117 0.97557 0.97213 0.93041 0.97866 0.88002 0.94295 0.96316 0.96530 0.98638
BachWTK2P2_Bach 0.99742 0.99933 0.99427 1.00000 0.99804 0.99867 0.99934 1.00000 0.99617 1.00000 1.00000 1.00000 0.91942 0.85863 0.98313 0.92395 0.90897 0.93005 0.83716 0.91858 0.00000 0.91233 0.94391 0.89976 0.92812 0.93645 0.84806 0.90034 0.98945 0.99010 0.98374 0.99941 0.96109 0.97600 1.00000 0.98971 0.98045
BachWTK1P2_Bach 0.99086 0.99342 0.98674 0.99517 0.99339 0.99999 0.99503 0.99902 0.98716 0.99619 0.99763 0.99900 0.87234 0.87037 0.96609 0.92616 0.90542 0.88645 0.84103 0.88545 0.91233 0.00000 0.94762 0.93503 0.93756 0.91759 0.83179 0.91104 0.97772 0.99664 0.98072 0.99546 0.93446 0.95093 0.99396 0.95567 0.96177
BachWTK1P3_Bach 0.99984 1.00000 0.99152 0.99844 0.99875 1.00000 1.00296 1.00000 0.99809 0.99745 0.99949 1.00000 0.98399 0.93345 0.98468 0.96585 0.95440 0.98923 0.92878 0.97339 0.94391 0.94762 0.00000 0.88678 0.83224 0.98519 0.94942 0.85477 1.00000 0.99766 0.98755 0.99088 0.99449 1.00148 0.99109 0.97175 0.93447
BachWTK2P3_Bach 1.00176 0.99846 0.98619 0.99473 0.99683 0.99107 0.99736 0.99583 0.99040 0.99253 0.99860 0.99951 0.97639 0.93366 0.98557 0.95138 0.95830 0.98243 0.91209 0.96373 0.89976 0.93503 0.88678 0.00000 0.84544 0.98241 0.92843 0.86065 1.00031 0.98478 0.99212 0.99598 0.98615 0.96313 0.99580 0.96450 0.93299
BachWTK2F3_Bach 0.99936 1.00000 0.99020 0.99610 0.99711 1.00000 0.99592 1.00000 0.99513 0.99729 1.00000 0.99858 0.99334 0.91810 0.97880 0.96620 0.95766 0.99332 0.91798 0.96743 0.92812 0.93756 0.83224 0.84544 0.00000 0.99375 0.93315 0.80828 0.99662 0.99791 0.99279 0.99675 0.99897 0.98609 0.99033 0.97837 0.93532
BachWTK1F1_Bach 0.99329 0.99489 1.00134 0.98727 1.00679 1.00211 0.99146 0.99061 0.97818 0.99784 0.99647 0.99469 0.83550 0.91521 0.89310 0.90155 0.91446 0.82816 0.90553 0.84074 0.93645 0.91759 0.98519 0.98241 0.99375 0.00000 0.90554 0.97399 0.98689 0.98461 0.96317 0.98380 0.89694 0.95963 0.97275 0.98350 0.98742
BachWTK1F2_Bach 0.99049 0.99768 0.99744 0.99061 0.98911 0.99856 1.00000 0.99246 0.99941 0.99583 0.99792 1.00096 0.88666 0.84562 0.95252 0.90308 0.90442 0.89275 0.82306 0.88452 0.84806 0.83179 0.94942 0.92843 0.93315 0.90554 0.00000 0.91599 0.98417 0.98868 0.99820 0.99630 0.94054 0.96440 0.99034 0.99165 0.98937
BachWTK1F3_Bach 0.99960 1.00000 0.99610 0.99777 0.99966 1.00000 1.00000 0.99969 1.00171 0.99722 1.00000 0.99942 0.96393 0.90797 0.97923 0.96061 0.95654 0.96895 0.89696 0.95117 0.90034 0.91104 0.85477 0.86065 0.80828 0.97399 0.91599 0.00000 1.00005 0.99409 0.99401 0.99793 0.99286 0.99756 0.99450 0.98296 0.94517
ChopPrel1_Chopin 1.00000 1.00000 1.00000 0.99874 0.99594 1.00000 0.99861 0.99501 0.97703 1.00000 1.00000 1.00000 0.95510 0.99222 0.98330 0.97048 0.97564 0.96573 0.97058 0.97557 0.98945 0.97772 1.00000 1.00031 0.99662 0.98689 0.98417 1.00005 0.00000 1.00000 1.01079 0.99266 0.96562 0.99613 0.99221 1.00052 0.99416
ChopPrel2_Chopin 0.98754 0.99795 0.98291 0.99719 1.00616 0.98982 0.99348 0.98613 0.99356 0.99738 1.00000 0.99718 0.97921 0.98669 0.98912 0.99298 0.99172 0.98490 0.98449 0.97213 0.99010 0.99664 0.99766 0.98478 0.99791 0.98461 0.98868 0.99409 1.00000 0.00000 0.96820 0.99004 0.98075 0.99182 0.99902 0.97371 0.99531
ChopPrel6_Chopin 0.96851 0.99856 0.94396 0.99082 0.98604 1.00497 0.99021 0.99222 0.97789 0.99756 1.00000 0.99086 0.95681 1.00936 0.88544 0.95312 0.97856 0.97463 0.98343 0.93041 0.98374 0.98072 0.98755 0.99212 0.99279 0.96317 0.99820 0.99401 1.01079 0.96820 0.00000 0.96389 0.96674 0.97565 0.97241 0.97524 0.99299
ChopPrel7_Chopin 0.98881 1.00000 0.95277 1.00000 0.98680 0.99686 1.01068 1.00000 1.00015 1.00000 0.99758 0.99751 0.98218 0.99935 0.96865 0.97176 0.99309 0.99110 0.99663 0.97866 0.99941 0.99546 0.99088 0.99598 0.99675 0.98380 0.99630 0.99793 0.99266 0.99004 0.96389 0.00000 0.98269 0.98071 0.98534 0.97984 0.99023
ChopPrel3_Chopin 0.98722 1.01186 0.99479 0.98780 0.99710 1.01362 0.99005 0.99022 0.97644 0.99898 0.99427 0.99200 0.86021 0.94549 0.90998 0.93433 0.95245 0.89316 0.92769 0.88002 0.96109 0.93446 0.99449 0.98615 0.99897 0.89694 0.94054 0.99286 0.96562 0.98075 0.96674 0.98269 0.00000 0.95478 0.95866 0.96278 0.98688
ChopPrel4_Chopin 0.98264 0.98612 0.98972 0.99674 1.00116 1.00720 0.97984 0.99543 0.96651 0.99388 0.99601 1.00073 0.93776 0.96801 0.97028 0.98005 0.98048 0.96743 0.95374 0.94295 0.97600 0.95093 1.00148 0.96313 0.98609 0.95963 0.96440 0.99756 0.99613 0.99182 0.97565 0.98071 0.95478 0.00000 0.99019 0.97237 0.99444
ChopPrel5_Chopin 0.99717 0.99826 0.99531 1.00000 1.01245 1.00000 0.99829 1.00000 0.99056 1.00000 1.00000 1.00000 0.96450 0.98874 0.95543 0.97656 0.98806 0.97476 0.98414 0.96316 1.00000 0.99396 0.99109 0.99580 0.99033 0.97275 0.99034 0.99450 0.99221 0.99902 0.97241 0.98534 0.95866 0.99019 0.00000 0.99657 0.98589
ChopPrel9_Chopin 0.99160 0.99622 0.98237 0.99897 1.01563 0.99371 0.98764 1.00408 0.98520 0.99717 0.99904 0.99900 0.97622 0.98551 0.95989 0.99016 0.99193 0.97959 0.97879 0.96530 0.98971 0.95567 0.97175 0.96450 0.97837 0.98350 0.99165 0.98296 1.00052 0.97371 0.97524 0.97984 0.96278 0.97237 0.99657 0.00000 0.96639
ChopPrel10_Chopin 0.99812 0.99307 0.97622 0.99853 0.98835 1.00000 0.97733 1.00000 0.99637 0.99725 0.99574 0.99852 0.98910 0.98899 0.97033 0.99344 0.99913 0.99299 0.97317 0.98638 0.98045 0.96177 0.93447 0.93299 0.93532 0.98742 0.98937 0.94517 0.99416 0.99531 0.99299 0.99023 0.98688 0.99444 0.98589 0.96639 0.00000
