31
a_hard_days_night_The_Beatles 0.00000 0.63380 0.65493 0.73548 0.66901 0.72535 0.69718 0.68310 0.63380 0.66901 0.71831 0.66197 0.71429 0.69014 0.71831 0.69014 0.74157 0.88055 0.84980 0.93726 0.86842 0.92034 0.93390 0.90157 0.90932 0.91356 0.94841 0.91813 0.87768 0.92598 0.87987
eleanor_rigby_The_Beatles 0.63380 0.00000 0.65693 0.72258 0.62810 0.62500 0.59813 0.69014 0.62121 0.65574 0.56731 0.59615 0.73292 0.64103 0.66372 0.62500 0.73034 0.88055 0.85375 0.93916 0.88158 0.93501 0.94576 0.90828 0.91940 0.92927 0.94841 0.91033 0.89297 0.94562 0.87987
help_The_Beatles 0.65493 0.65693 0.00000 0.74839 0.65693 0.70803 0.64964 0.69718 0.68613 0.70073 0.70073 0.68613 0.72050 0.67153 0.71533 0.67153 0.73034 0.85666 0.82609 0.93726 0.87500 0.92662 0.94746 0.90604 0.91184 0.92534 0.93475 0.92203 0.89297 0.94562 0.87338
hey_jude_The_Beatles 0.73548 0.72258 0.74839 0.00000 0.77419 0.80000 0.76129 0.77419 0.72903 0.71613 0.75484 0.74194 0.79503 0.76129 0.78710 0.71613 0.76404 0.90444 0.88538 0.94867 0.89803 0.94130 0.95763 0.93289 0.92443 0.93320 0.96206 0.92008 0.90826 0.95166 0.89935
i_saw_her_standing_there_The_Beatles 0.66901 0.62810 0.65693 0.77419 0.00000 0.66942 0.63636 0.69718 0.63636 0.67213 0.63636 0.62810 0.70807 0.64463 0.67769 0.63281 0.71348 0.88737 0.84980 0.92586 0.87500 0.93501 0.94068 0.92394 0.91940 0.92534 0.94841 0.92008 0.88685 0.94260 0.87662
i_want_to_hold_your_hand_The_Beatles 0.72535 0.62500 0.70803 0.80000 0.66942 0.00000 0.63551 0.73239 0.67424 0.68852 0.59574 0.62500 0.77640 0.67521 0.69912 0.69531 0.77528 0.88055 0.84980 0.94106 0.88816 0.94340 0.95254 0.93065 0.92191 0.93517 0.93930 0.92593 0.91437 0.94411 0.87987
in_my_life_The_Beatles 0.69718 0.59813 0.64964 0.76129 0.63636 0.63551 0.00000 0.70423 0.66667 0.66393 0.59813 0.59813 0.74534 0.64103 0.65487 0.64063 0.73034 0.87031 0.83004 0.93536 0.86842 0.93291 0.95254 0.91499 0.91436 0.92731 0.94537 0.92593 0.88685 0.94562 0.88961
let_it_be_The_Beatles 0.68310 0.69014 0.69718 0.77419 0.69718 0.73239 0.70423 0.00000 0.65493 0.69718 0.71831 0.66901 0.71429 0.68310 0.71831 0.66901 0.74157 0.87713 0.81423 0.93536 0.87171 0.92453 0.94068 0.91275 0.90176 0.91945 0.93475 0.92203 0.87156 0.93505 0.86364
she_loves_you_The_Beatles 0.63380 0.62121 0.68613 0.72903 0.63636 0.67424 0.66667 0.65493 0.00000 0.64394 0.65909 0.64394 0.71429 0.65152 0.68182 0.62121 0.72472 0.86689 0.84190 0.92966 0.86842 0.92453 0.93729 0.90604 0.90428 0.90963 0.93778 0.90643 0.88991 0.93051 0.85714
strawberry_fields_forever_The_Beatles 0.66901 0.65574 0.70073 0.71613 0.67213 0.68852 0.66393 0.69718 0.64394 0.00000 0.66393 0.66393 0.75776 0.62295 0.65574 0.64844 0.74719 0.87372 0.86957 0.92966 0.88158 0.92453 0.94237 0.92617 0.90680 0.91749 0.94537 0.91813 0.88073 0.93807 0.86039
while_my_guitar_gently_weeps_The_Beatles 0.71831 0.56731 0.70073 0.75484 0.63636 0.59574 0.59813 0.71831 0.65909 0.66393 0.00000 0.57692 0.75776 0.67521 0.66372 0.65625 0.73596 0.88055 0.85375 0.93916 0.88487 0.93711 0.95085 0.92394 0.93451 0.93517 0.94385 0.92982 0.89908 0.94260 0.88961
yesterday_The_Beatles 0.66197 0.59615 0.68613 0.74194 0.62810 0.62500 0.59813 0.66901 0.64394 0.66393 0.57692 0.00000 0.73913 0.63248 0.63717 0.65625 0.75281 0.87031 0.85375 0.93156 0.87829 0.92872 0.94237 0.91275 0.91436 0.92927 0.94385 0.92788 0.89602 0.93958 0.88636
gimme_shelter_The_Rolling_Stones 0.71429 0.73292 0.72050 0.79503 0.70807 0.77640 0.74534 0.71429 0.71429 0.75776 0.75776 0.73913 0.00000 0.73292 0.74534 0.73292 0.72472 0.86348 0.82213 0.91635 0.85855 0.92243 0.94237 0.89709 0.90428 0.90963 0.93930 0.91033 0.88073 0.94411 0.86688
honky_tonk_women_The_Rolling_Stones 0.69014 0.64103 0.67153 0.76129 0.64463 0.67521 0.64103 0.68310 0.65152 0.62295 0.67521 0.63248 0.73292 0.00000 0.64103 0.64844 0.74157 0.86348 0.85375 0.92205 0.86184 0.92453 0.93559 0.91499 0.90176 0.92534 0.94082 0.92008 0.88379 0.93202 0.86688
jumpin_jack_flash_The_Rolling_Stones 0.71831 0.66372 0.71533 0.78710 0.67769 0.69912 0.65487 0.71831 0.68182 0.65574 0.66372 0.63717 0.74534 0.64103 0.00000 0.67188 0.75281 0.86348 0.85375 0.93346 0.86184 0.92872 0.94407 0.92617 0.90428 0.90963 0.94082 0.92203 0.89602 0.93505 0.87987
paint_it_black_The_Rolling_Stones 0.69014 0.62500 0.67153 0.71613 0.63281 0.69531 0.64063 0.66901 0.62121 0.64844 0.65625 0.65625 0.73292 0.64844 0.67188 0.00000 0.70787 0.86348 0.84585 0.93346 0.87829 0.92872 0.94915 0.91946 0.92443 0.92927 0.94841 0.92008 0.89908 0.93656 0.88312
satisfaction_The_Rolling_Stones 0.74157 0.73034 0.73034 0.76404 0.71348 0.77528 0.73034 0.74157 0.72472 0.74719 0.73596 0.75281 0.72472 0.74157 0.75281 0.70787 0.00000 0.83618 0.83794 0.92776 0.86184 0.92662 0.94576 0.91723 0.90428 0.91749 0.93475 0.91813 0.88073 0.93958 0.86688
sympathy_for_the_devil_The_Rolling_Stones 0.88055 0.88055 0.85666 0.90444 0.88737 0.88055 0.87031 0.87713 0.86689 0.87372 0.88055 0.87031 0.86348 0.86348 0.86348 0.86348 0.83618 0.00000 0.86007 0.93536 0.85526 0.92662 0.93729 0.91275 0.90680 0.92338 0.94234 0.91813 0.87156 0.93505 0.86039
you_cant_always_get_what_you_want_The_Rolling_Stones 0.84980 0.85375 0.82609 0.88538 0.84980 0.84980 0.83004 0.81423 0.84190 0.86957 0.85375 0.85375 0.82213 0.85375 0.85375 0.84585 0.83794 0.86007 0.00000 0.92966 0.86842 0.93082 0.93559 0.93065 0.90428 0.92534 0.93930 0.92593 0.89297 0.94109 0.86364
agitation_Miles_Davis 0.93726 0.93916 0.93726 0.94867 0.92586 0.94106 0.93536 0.93536 0.92966 0.92966 0.93916 0.93156 0.91635 0.92205 0.93346 0.93346 0.92776 0.93536 0.92966 0.00000 0.89354 0.85551 0.82712 0.87833 0.88593 0.85171 0.89226 0.88213 0.89163 0.90332 0.88403
so_what_Miles_Davis 0.86842 0.88158 0.87500 0.89803 0.87500 0.88816 0.86842 0.87171 0.86842 0.88158 0.88487 0.87829 0.85855 0.86184 0.86184 0.87829 0.86184 0.85526 0.86842 0.89354 0.00000 0.89308 0.89153 0.87919 0.86902 0.86837 0.89833 0.88694 0.81651 0.91541 0.79221
blues_by_five_Miles_Davis 0.92034 0.93501 0.92662 0.94130 0.93501 0.94340 0.93291 0.92453 0.92453 0.92453 0.93711 0.92872 0.92243 0.92453 0.92872 0.92872 0.92662 0.92662 0.93082 0.85551 0.89308 0.00000 0.86949 0.87212 0.87631 0.82711 0.89226 0.87719 0.88050 0.89728 0.87421
dolores_Miles_Davis 0.93390 0.94576 0.94746 0.95763 0.94068 0.95254 0.95254 0.94068 0.93729 0.94237 0.95085 0.94237 0.94237 0.93559 0.94407 0.94915 0.94576 0.93729 0.93559 0.82712 0.89153 0.86949 0.00000 0.88136 0.89661 0.85763 0.87405 0.87966 0.88305 0.89124 0.87627
tune_up_Miles_Davis 0.90157 0.90828 0.90604 0.93289 0.92394 0.93065 0.91499 0.91275 0.90604 0.92617 0.92394 0.91275 0.89709 0.91499 0.92617 0.91946 0.91723 0.91275 0.93065 0.87833 0.87919 0.87212 0.88136 0.00000 0.84116 0.83694 0.88316 0.86550 0.81879 0.88520 0.83669
blues_for_alice_Charlie_Parker 0.90932 0.91940 0.91184 0.92443 0.91940 0.92191 0.91436 0.90176 0.90428 0.90680 0.93451 0.91436 0.90428 0.90176 0.90428 0.92443 0.90428 0.90680 0.90428 0.88593 0.86902 0.87631 0.89661 0.84116 0.00000 0.83497 0.87557 0.86745 0.81864 0.89426 0.80353
donna_lee_Charlie_Parker 0.91356 0.92927 0.92534 0.93320 0.92534 0.93517 0.92731 0.91945 0.90963 0.91749 0.93517 0.92927 0.90963 0.92534 0.90963 0.92927 0.91749 0.92338 0.92534 0.85171 0.86837 0.82711 0.85763 0.83694 0.83497 0.00000 0.90137 0.84405 0.86051 0.88671 0.87426
embraceable_you_Charlie_Parker 0.94841 0.94841 0.93475 0.96206 0.94841 0.93930 0.94537 0.93475 0.93778 0.94537 0.94385 0.94385 0.93930 0.94082 0.94082 0.94841 0.93475 0.94234 0.93930 0.89226 0.89833 0.89226 0.87405 0.88316 0.87557 0.90137 0.00000 0.88923 0.88923 0.88369 0.90440
how_deep_is_the_ocean_Charlie_Parker 0.91813 0.91033 0.92203 0.92008 0.92008 0.92593 0.92593 0.92203 0.90643 0.91813 0.92982 0.92788 0.91033 0.92008 0.92203 0.92008 0.91813 0.91813 0.92593 0.88213 0.88694 0.87719 0.87966 0.86550 0.86745 0.84405 0.88923 0.00000 0.86160 0.87462 0.85965
ornithology_Charlie_Parker 0.87768 0.89297 0.89297 0.90826 0.88685 0.91437 0.88685 0.87156 0.88991 0.88073 0.89908 0.89602 0.88073 0.88379 0.89602 0.89908 0.88073 0.87156 0.89297 0.89163 0.81651 0.88050 0.88305 0.81879 0.81864 0.86051 0.88923 0.86160 0.00000 0.90332 0.81346
out_of_nowhere_Charlie_Parker 0.92598 0.94562 0.94562 0.95166 0.94260 0.94411 0.94562 0.93505 0.93051 0.93807 0.94260 0.93958 0.94411 0.93202 0.93505 0.93656 0.93958 0.93505 0.94109 0.90332 0.91541 0.89728 0.89124 0.88520 0.89426 0.88671 0.88369 0.87462 0.90332 0.00000 0.88671
yardbird_suite_Charlie_Parker 0.87987 0.87987 0.87338 0.89935 0.87662 0.87987 0.88961 0.86364 0.85714 0.86039 0.88961 0.88636 0.86688 0.86688 0.87987 0.88312 0.86688 0.86039 0.86364 0.88403 0.79221 0.87421 0.87627 0.83669 0.80353 0.87426 0.90440 0.85965 0.81346 0.88671 0.00000
