31
a_hard_days_night_The_Beatles 0.00000 1.00000 0.95770 0.98675 0.91603 0.87054 1.00000 0.89756 0.99248 1.00000 1.00000 1.00000 1.00000 1.00000 1.00000 1.00000 1.00000 0.99080 0.95380 0.99184 0.98554 1.00000 0.98173 0.99126 0.98442 0.99629 0.99300 0.99126 0.98612 0.99200 0.98268
eleanor_rigby_The_Beatles 1.00000 0.00000 0.97147 0.98675 1.00000 0.88986 0.87288 0.98039 0.93329 0.98182 1.00000 0.94475 1.02070 0.95699 1.00000 0.94286 0.98895 0.96735 0.98203 1.00000 1.00000 1.00000 1.00000 1.00000 1.00000 1.00000 0.99300 0.99561 1.00000 0.99342 0.98720
help_The_Beatles 0.95770 0.97147 0.00000 1.00000 0.90757 1.00000 0.97147 1.00000 0.95770 1.00000 1.00000 1.00000 0.96540 1.00000 0.97232 1.01563 1.07646 0.96378 0.93471 0.98826 0.96799 0.99073 0.97428 0.97139 0.96420 0.98219 0.97309 0.97315 0.97223 0.96604 0.96228
hey_jude_The_Beatles 0.98675 0.98675 1.00000 0.00000 1.00000 0.90344 1.00000 1.00000 0.97351 1.00000 1.00000 1.00000 1.00000 0.96236 0.99338 1.00000 1.00000 1.00000 1.00000 1.00000 1.00000 1.00000 1.00000 1.00000 1.00000 1.00000 1.00000 1.00000 1.00000 1.00000 1.00000
i_saw_her_standing_there_The_Beatles 0.91603 1.00000 0.90757 1.00000 0.00000 0.99120 1.00000 0.89893 0.94282 1.00000 1.00000 1.00000 0.94397 0.98990 1.00000 1.01122 0.90213 0.93673 0.89936 1.00455 1.00000 1.00000 0.98322 0.98694 1.00706 0.99514 0.99043 0.99623 1.00000 0.98259 0.99839
i_want_to_hold_your_hand_The_Beatles 0.87054 0.88986 1.00000 0.90344 0.99120 0.00000 0.96525 0.87819 0.88196 0.95455 1.00000 1.00000 1.00000 0.94624 1.00000 0.90554 0.98895 0.95562 0.97360 0.99184 1.00000 1.00000 1.00000 1.00000 0.99765 0.98959 0.98747 0.99126 0.98115 0.99058 0.98268
in_my_life_The_Beatles 1.00000 0.87288 0.97147 1.00000 1.00000 0.96525 0.00000 1.00000 0.97028 1.00000 1.00000 1.00000 1.02070 1.00000 1.00000 0.97143 0.98895 0.96896 1.00000 1.00000 1.00000 1.00000 1.00000 1.00000 1.00000 1.00000 0.99703 0.99561 1.00000 0.99342 0.99371
let_it_be_The_Beatles 0.89756 0.98039 1.00000 1.00000 0.89893 0.87819 1.00000 0.00000 1.00497 1.00000 1.00000 1.00000 1.00000 1.00000 1.00000 0.96859 1.00000 1.00000 0.91927 1.00000 1.00000 1.00000 1.00000 1.00000 1.00000 1.00000 0.99597 0.99187 1.00000 1.00000 1.00000
she_loves_you_The_Beatles 0.99248 0.93329 0.95770 0.97351 0.94282 0.88196 0.97028 1.00497 0.00000 1.00000 1.00000 1.00000 0.98802 1.01016 0.99248 0.97032 0.93923 0.90605 0.91927 0.98011 1.00000 1.00000 0.99251 0.98010 0.98054 0.98589 0.96755 0.97877 0.97818 0.97883 0.97017
strawberry_fields_forever_The_Beatles 1.00000 0.98182 1.00000 1.00000 1.00000 0.95455 1.00000 1.00000 1.00000 0.00000 1.00000 1.00000 1.00000 0.90743 1.00000 1.00000 1.00000 1.00000 1.00000 1.00000 1.00000 1.00000 1.00000 1.00000 1.00000 1.00000 1.00000 1.00000 1.00000 1.00000 1.00000
while_my_guitar_gently_weeps_The_Beatles 1.00000 1.00000 1.00000 1.00000 1.00000 1.00000 1.00000 1.00000 1.00000 1.00000 0.00000 1.00000 1.00000 1.00000 1.00000 1.00000 1.00000 1.00000 1.00000 1.00000 1.00000 1.00000 1.00000 1.00000 1.00000 1.00000 1.00000 1.00000 1.00000 1.00000 1.00000
yesterday_The_Beatles 1.00000 0.94475 1.00000 1.00000 1.00000 1.00000 1.00000 1.00000 1.00000 1.00000 1.00000 0.00000 1.00000 1.00000 1.00000 1.00000 1.00000 1.00000 1.00000 1.00000 1.00000 1.00000 1.00000 1.00000 1.00000 1.00000 1.00000 1.00000 1.00000 1.00000 1.00000
gimme_shelter_The_Rolling_Stones 1.00000 1.02070 0.96540 1.00000 0.94397 1.00000 1.02070 1.00000 0.98802 1.00000 1.00000 1.00000 0.00000 1.00000 1.00237 1.00000 1.06559 1.00004 1.00000 0.98826 0.98554 0.99073 0.98620 0.97139 1.00380 0.99258 0.99257 0.98870 0.98612 0.98448 0.99057
honky_tonk_women_The_Rolling_Stones 1.00000 0.95699 1.00000 0.96236 0.98990 0.94624 1.00000 1.00000 1.01016 0.90743 1.00000 1.00000 1.00000 0.00000 1.00000 0.98095 1.00000 1.00000 1.00000 0.99641 1.00000 1.00000 1.00000 1.00000 1.00000 0.99925 0.99554 0.99623 1.00000 0.99342 0.99371
jumpin_jack_flash_The_Rolling_Stones 1.00000 1.00000 0.97232 0.99338 1.00000 1.00000 1.00000 1.00000 0.99248 1.00000 1.00000 1.00000 1.00237 1.00000 0.00000 1.00000 1.00000 0.98671 0.98434 0.99184 0.97107 0.99073 0.98952 0.98568 0.98676 0.99443 0.98520 0.98750 0.98498 0.99342 0.99686
paint_it_black_The_Rolling_Stones 1.00000 0.94286 1.01563 1.00000 1.01122 0.90554 0.97143 0.96859 0.97032 1.00000 1.00000 1.00000 1.00000 0.98095 1.00000 0.00000 0.95630 0.96271 0.98986 0.99184 1.00000 1.00000 0.98227 1.00000 0.99529 0.98959 0.98341 0.99126 0.99399 0.98589 0.98581
satisfaction_The_Rolling_Stones 1.00000 0.98895 1.07646 1.00000 0.90213 0.98895 0.98895 1.00000 0.93923 1.00000 1.00000 1.00000 1.06559 1.00000 1.00000 0.95630 0.00000 0.98200 0.91565 0.99641 1.00000 0.99073 0.97484 0.99376 0.98676 1.00111 0.98341 0.99435 0.98612 0.98825 0.98581
sympathy_for_the_devil_The_Rolling_Stones 0.99080 0.96735 0.96378 1.00000 0.93673 0.95562 0.96896 1.00000 0.90605 1.00000 1.00000 1.00000 1.00004 1.00000 0.98671 0.96271 0.98200 0.00000 0.93749 0.94325 0.95797 0.97017 0.92092 0.91349 0.93554 0.96185 0.91845 0.94826 0.96442 0.93067 0.93062
you_cant_always_get_what_you_want_The_Rolling_Stones 0.95380 0.98203 0.93471 1.00000 0.89936 0.97360 1.00000 0.91927 0.91927 1.00000 1.00000 1.00000 1.00000 1.00000 0.98434 0.98986 0.91565 0.93749 0.00000 0.97119 0.97107 0.97218 0.95216 0.97266 0.94712 0.98516 0.96054 0.96364 0.91368 0.95942 0.93010
agitation_Miles_Davis 0.99184 1.00000 0.98826 1.00000 1.00455 0.99184 1.00000 1.00000 0.98011 1.00000 1.00000 1.00000 0.98826 0.99641 0.99184 0.99184 0.99641 0.94325 0.97119 0.00000 0.89313 0.84904 0.78228 0.90254 0.90719 0.92642 0.89274 0.87458 0.89047 0.86448 0.96092
so_what_Miles_Davis 0.98554 1.00000 0.96799 1.00000 1.00000 1.00000 1.00000 1.00000 1.00000 1.00000 1.00000 1.00000 0.98554 1.00000 0.97107 1.00000 1.00000 0.95797 0.97107 0.89313 0.00000 0.91977 0.86794 0.88483 0.89613 0.95408 0.91395 0.94006 0.87144 0.92364 0.94229
blues_by_five_Miles_Davis 1.00000 1.00000 0.99073 1.00000 1.00000 1.00000 1.00000 1.00000 1.00000 1.00000 1.00000 1.00000 0.99073 1.00000 0.99073 1.00000 0.99073 0.97017 0.97218 0.84904 0.91977 0.00000 0.80704 0.86563 0.95957 0.89930 0.92950 0.87850 0.92971 0.91420 1.00157
dolores_Miles_Davis 0.98173 1.00000 0.97428 1.00000 0.98322 1.00000 1.00000 1.00000 0.99251 1.00000 1.00000 1.00000 0.98620 1.00000 0.98952 0.98227 0.97484 0.92092 0.95216 0.78228 0.86794 0.80704 0.00000 0.86599 0.88386 0.89869 0.90193 0.81022 0.86754 0.88733 0.89449
tune_up_Miles_Davis 0.99126 1.00000 0.97139 1.00000 0.98694 1.00000 1.00000 1.00000 0.98010 1.00000 1.00000 1.00000 0.97139 1.00000 0.98568 1.00000 0.99376 0.91349 0.97266 0.90254 0.88483 0.86563 0.86599 0.00000 0.87397 0.92306 0.90269 0.91378 0.84798 0.91709 0.86024
blues_for_alice_Charlie_Parker 0.98442 1.00000 0.96420 1.00000 1.00706 0.99765 1.00000 1.00000 0.98054 1.00000 1.00000 1.00000 1.00380 1.00000 0.98676 0.99529 0.98676 0.93554 0.94712 0.90719 0.89613 0.95957 0.88386 0.87397 0.00000 0.93269 0.89695 0.90902 0.87963 0.92777 0.86026
donna_lee_Charlie_Parker 0.99629 1.00000 0.98219 1.00000 0.99514 0.98959 1.00000 1.00000 0.98589 1.00000 1.00000 1.00000 0.99258 0.99925 0.99443 0.98959 1.00111 0.96185 0.98516 0.92642 0.95408 0.89930 0.89869 0.92306 0.93269 0.00000 0.93113 0.87263 0.92835 0.91557 0.94122
embraceable_you_Charlie_Parker 0.99300 0.99300 0.97309 1.00000 0.99043 0.98747 0.99703 0.99597 0.96755 1.00000 1.00000 1.00000 0.99257 0.99554 0.98520 0.98341 0.98341 0.91845 0.96054 0.89274 0.91395 0.92950 0.90193 0.90269 0.89695 0.93113 0.00000 0.88836 0.90546 0.85504 0.89276
how_deep_is_the_ocean_Charlie_Parker 0.99126 0.99561 0.97315 1.00000 0.99623 0.99126 0.99561 0.99187 0.97877 1.00000 1.00000 1.00000 0.98870 0.99623 0.98750 0.99126 0.99435 0.94826 0.96364 0.87458 0.94006 0.87850 0.81022 0.91378 0.90902 0.87263 0.88836 0.00000 0.91066 0.87254 0.91769
ornithology_Charlie_Parker 0.98612 1.00000 0.97223 1.00000 1.00000 0.98115 1.00000 1.00000 0.97818 1.00000 1.00000 1.00000 0.98612 1.00000 0.98498 0.99399 0.98612 0.96442 0.91368 0.89047 0.87144 0.92971 0.86754 0.84798 0.87963 0.92835 0.90546 0.91066 0.00000 0.92088 0.82146
out_of_nowhere_Charlie_Parker 0.99200 0.99342 0.96604 1.00000 0.98259 0.99058 0.99342 1.00000 0.97883 1.00000 1.00000 1.00000 0.98448 0.99342 0.99342 0.98589 0.98825 0.93067 0.95942 0.86448 0.92364 0.91420 0.88733 0.91709 0.92777 0.91557 0.85504 0.87254 0.92088 0.00000 0.91420
yardbird_suite_Charlie_Parker 0.98268 0.98720 0.96228 1.00000 0.99839 0.98268 0.99371 1.00000 0.97017 1.00000 1.00000 1.00000 0.99057 0.99371 0.99686 0.98581 0.98581 0.93062 0.93010 0.96092 0.94229 1.00157 0.89449 0.86024 0.86026 0.94122 0.89276 0.91769 0.82146 0.91420 0.00000
