27
a_hard_days_night_The_Beatles 0.00000 0.87110 0.85896 0.85346 0.83761 0.87487 0.84795 0.85255 0.83789 0.86471 0.86632 0.86692 0.95210 0.94510 0.95289 0.95361 0.94836 0.95245 0.94538 0.93798 0.94425 0.96324 0.91952 0.89209 0.89956 0.93928 0.91530
eleanor_rigby_The_Beatles 0.87110 0.00000 0.86981 0.88618 0.87952 0.83861 0.85766 0.92024 0.86416 0.84244 0.88062 0.85690 0.96916 0.96875 0.96765 0.96787 0.96338 0.96611 0.96299 0.96050 0.96457 0.97605 0.93957 0.90412 0.92134 0.94385 0.93995
help_The_Beatles 0.85896 0.86981 0.00000 0.86594 0.90852 0.86081 0.86664 0.87174 0.86850 0.83782 0.87039 0.86476 0.95864 0.94217 0.94733 0.94519 0.94906 0.95826 0.94698 0.94627 0.94099 0.96325 0.91575 0.89065 0.90350 0.92564 0.91710
hey_jude_The_Beatles 0.85346 0.88618 0.86594 0.00000 0.86961 0.87183 0.87065 0.87004 0.88286 0.86661 0.88672 0.88076 0.96428 0.94916 0.95697 0.95399 0.94735 0.94804 0.94855 0.93860 0.94761 0.96156 0.92369 0.88959 0.90256 0.93385 0.91288
i_saw_her_standing_there_The_Beatles 0.83761 0.87952 0.90852 0.86961 0.00000 0.85122 0.85736 0.84951 0.86564 0.83265 0.87157 0.84513 0.95845 0.94917 0.96301 0.95573 0.95689 0.95586 0.95328 0.94666 0.95292 0.96966 0.92983 0.89679 0.91194 0.94490 0.94600
i_want_to_hold_your_hand_The_Beatles 0.87487 0.83861 0.86081 0.87183 0.85122 0.00000 0.84116 0.87248 0.88988 0.85973 0.85837 0.83627 0.96637 0.95902 0.96536 0.96279 0.95732 0.96260 0.95934 0.95508 0.95743 0.97221 0.93553 0.89234 0.91236 0.94339 0.92680
in_my_life_The_Beatles 0.84795 0.85766 0.86664 0.87065 0.85736 0.84116 0.00000 0.85664 0.83776 0.82490 0.83738 0.84196 0.96421 0.95381 0.95916 0.96046 0.96010 0.96353 0.95875 0.95697 0.95623 0.97229 0.93152 0.89714 0.91321 0.93881 0.92355
let_it_be_The_Beatles 0.85255 0.92024 0.87174 0.87004 0.84951 0.87248 0.85664 0.00000 0.84081 0.84214 0.86945 0.85582 0.95701 0.93594 0.95562 0.94754 0.94064 0.94347 0.93997 0.93769 0.94085 0.95775 0.90428 0.87550 0.88815 0.93118 0.90907
she_loves_you_The_Beatles 0.83789 0.86416 0.86850 0.88286 0.86564 0.88988 0.83776 0.84081 0.00000 0.84827 0.85536 0.87157 0.95818 0.94627 0.95490 0.94628 0.94397 0.94894 0.94866 0.94016 0.94308 0.96286 0.91223 0.87945 0.89244 0.92960 0.91100
strawberry_fields_forever_The_Beatles 0.86471 0.84244 0.83782 0.86661 0.83265 0.85973 0.82490 0.84214 0.84827 0.00000 0.83399 0.85672 0.95915 0.95159 0.95854 0.95240 0.95416 0.95255 0.95519 0.94654 0.95412 0.96683 0.92854 0.88267 0.90035 0.93377 0.91467
while_my_guitar_gently_weeps_The_Beatles 0.86632 0.88062 0.87039 0.88672 0.87157 0.85837 0.83738 0.86945 0.85536 0.83399 0.00000 0.84861 0.97141 0.96122 0.96790 0.96549 0.96395 0.96339 0.96318 0.96027 0.96409 0.97613 0.93789 0.90233 0.92090 0.94571 0.93548
yesterday_The_Beatles 0.86692 0.85690 0.86476 0.88076 0.84513 0.83627 0.84196 0.85582 0.87157 0.85672 0.84861 0.00000 0.96514 0.95570 0.96180 0.96164 0.95816 0.96415 0.96012 0.95986 0.95800 0.97279 0.93517 0.89326 0.91226 0.94148 0.92376
BachWTK2F1_Bach 0.95210 0.96916 0.95864 0.96428 0.95845 0.96637 0.96421 0.95701 0.95818 0.95915 0.97141 0.96514 0.00000 0.86662 0.81983 0.86274 0.89821 0.89603 0.89905 0.83231 0.86097 0.89244 0.91324 0.92902 0.90497 0.90398 0.89996
BachWTK2F2_Bach 0.94510 0.96875 0.94217 0.94916 0.94917 0.95902 0.95381 0.93594 0.94627 0.95159 0.96122 0.95570 0.86662 0.00000 0.86677 0.84487 0.87941 0.88005 0.88696 0.85886 0.83450 0.88490 0.91166 0.91632 0.90630 0.89036 0.88703
BachWTK2P1_Bach 0.95289 0.96765 0.94733 0.95697 0.96301 0.96536 0.95916 0.95562 0.95490 0.95854 0.96790 0.96180 0.81983 0.86677 0.00000 0.87112 0.89967 0.89696 0.90881 0.83728 0.86467 0.89250 0.90443 0.90697 0.89973 0.87390 0.89610
BachWTK1P2_Bach 0.95361 0.96787 0.94519 0.95399 0.95573 0.96279 0.96046 0.94754 0.94628 0.95240 0.96549 0.96164 0.86274 0.84487 0.87112 0.00000 0.89007 0.88673 0.88323 0.86228 0.86204 0.87895 0.91264 0.91458 0.89927 0.89548 0.89770
BachWTK1P3_Bach 0.94836 0.96338 0.94906 0.94735 0.95689 0.95732 0.96010 0.94064 0.94397 0.95416 0.96395 0.95816 0.89821 0.87941 0.89967 0.89007 0.00000 0.86863 0.83784 0.89450 0.89350 0.86652 0.90580 0.91428 0.89937 0.90185 0.90109
BachWTK2P3_Bach 0.95245 0.96611 0.95826 0.94804 0.95586 0.96260 0.96353 0.94347 0.94894 0.95255 0.96339 0.96415 0.89603 0.88005 0.89696 0.88673 0.86863 0.00000 0.83638 0.89285 0.88472 0.86800 0.90772 0.91063 0.90354 0.89487 0.89469
BachWTK2F3_Bach 0.94538 0.96299 0.94698 0.94855 0.95328 0.95934 0.95875 0.93997 0.94866 0.95519 0.96318 0.96012 0.89905 0.88696 0.90881 0.88323 0.83784 0.83638 0.00000 0.90320 0.88115 0.81081 0.92505 0.92653 0.91393 0.89878 0.90600
BachWTK1F1_Bach 0.93798 0.96050 0.94627 0.93860 0.94666 0.95508 0.95697 0.93769 0.94016 0.94654 0.96027 0.95986 0.83231 0.85886 0.83728 0.86228 0.89450 0.89285 0.90320 0.00000 0.86165 0.89972 0.90352 0.92372 0.90724 0.89818 0.89018
BachWTK1F2_Bach 0.94425 0.96457 0.94099 0.94761 0.95292 0.95743 0.95623 0.94085 0.94308 0.95412 0.96409 0.95800 0.86097 0.83450 0.86467 0.86204 0.89350 0.88472 0.88115 0.86165 0.00000 0.88487 0.91895 0.91783 0.91498 0.89477 0.89506
BachWTK1F3_Bach 0.96324 0.97605 0.96325 0.96156 0.96966 0.97221 0.97229 0.95775 0.96286 0.96683 0.97613 0.97279 0.89244 0.88490 0.89250 0.87895 0.86652 0.86800 0.81081 0.89972 0.88487 0.00000 0.92993 0.94059 0.93149 0.91443 0.92165
agitation_Miles_Davis 0.91952 0.93957 0.91575 0.92369 0.92983 0.93553 0.93152 0.90428 0.91223 0.92854 0.93789 0.93517 0.91324 0.91166 0.90443 0.91264 0.90580 0.90772 0.92505 0.90352 0.91895 0.92993 0.00000 0.86240 0.84496 0.82585 0.87744
so_what_Miles_Davis 0.89209 0.90412 0.89065 0.88959 0.89679 0.89234 0.89714 0.87550 0.87945 0.88267 0.90233 0.89326 0.92902 0.91632 0.90697 0.91458 0.91428 0.91063 0.92653 0.92372 0.91783 0.94059 0.86240 0.00000 0.85898 0.87398 0.86879
blues_by_five_Miles_Davis 0.89956 0.92134 0.90350 0.90256 0.91194 0.91236 0.91321 0.88815 0.89244 0.90035 0.92090 0.91226 0.90497 0.90630 0.89973 0.89927 0.89937 0.90354 0.91393 0.90724 0.91498 0.93149 0.84496 0.85898 0.00000 0.86825 0.87048
dolores_Miles_Davis 0.93928 0.94385 0.92564 0.93385 0.94490 0.94339 0.93881 0.93118 0.92960 0.93377 0.94571 0.94148 0.90398 0.89036 0.87390 0.89548 0.90185 0.89487 0.89878 0.89818 0.89477 0.91443 0.82585 0.87398 0.86825 0.00000 0.85300
tune_up_Miles_Davis 0.91530 0.93995 0.91710 0.91288 0.94600 0.92680 0.92355 0.90907 0.91100 0.91467 0.93548 0.92376 0.89996 0.88703 0.89610 0.89770 0.90109 0.89469 0.90600 0.89018 0.89506 0.92165 0.87744 0.86879 0.87048 0.85300 0.00000
