19
a_hard_days_night_The_Beatles 0.00000 0.99713 0.99885 0.99282 1.00402 0.98995 0.99943 0.98773 1.00431 0.99856 1.00658 0.99512 1.00899 1.00305 0.99801 1.00493 0.99685 0.99750 1.00041
eleanor_rigby_The_Beatles 0.99713 0.00000 0.98705 0.98300 0.99528 0.96653 0.98597 0.99546 0.99524 0.97930 0.99884 0.97550 1.00282 1.00145 0.99988 0.99726 1.00023 0.99943 0.99969
help_The_Beatles 0.99885 0.98705 0.00000 1.00378 0.99685 0.97317 0.99733 1.00522 1.00037 0.99103 1.00368 0.99260 1.00494 1.00290 1.00335 1.00055 1.00537 1.00403 1.00041
hey_jude_The_Beatles 0.99282 0.98300 1.00378 0.00000 0.99937 0.99150 0.99906 0.99364 1.00476 0.99622 1.00561 0.99906 1.00582 1.00638 0.99739 1.00603 1.00257 1.00210 1.00031
i_saw_her_standing_there_The_Beatles 1.00402 0.99528 0.99685 0.99937 0.00000 0.98961 0.99937 1.00000 0.99591 1.00000 0.99903 0.99969 0.99912 1.00102 1.00025 0.99863 1.00023 1.00380 0.99834
i_want_to_hold_your_hand_The_Beatles 0.98995 0.96653 0.97317 0.99150 0.98961 0.00000 0.97462 0.99387 0.99231 0.98482 0.99729 0.96653 1.00000 1.00174 0.99689 0.99233 0.99813 0.99938 0.99855
in_my_life_The_Beatles 0.99943 0.98597 0.99733 0.99906 0.99937 0.97462 0.00000 0.99591 0.99963 0.98798 0.99981 0.97929 1.00317 1.00464 1.00211 1.00110 0.99708 1.00079 1.00124
let_it_be_The_Beatles 0.98773 0.99546 1.00522 0.99364 1.00000 0.99387 0.99591 0.00000 1.00250 0.99637 1.00464 0.99137 1.00564 1.00305 0.99379 1.00591 0.99673 0.99659 0.99907
she_loves_you_The_Beatles 1.00431 0.99524 1.00037 1.00476 0.99591 0.99231 0.99963 1.00250 0.00000 0.99707 1.00039 0.99195 1.00300 1.00116 0.99689 0.99096 1.00339 1.00216 1.00021
strawberry_fields_forever_The_Beatles 0.99856 0.97930 0.99103 0.99622 1.00000 0.98482 0.98798 0.99637 0.99707 0.00000 1.00290 0.99379 1.00670 1.00348 1.00236 1.00466 1.00152 1.00295 1.00269
while_my_guitar_gently_weeps_The_Beatles 1.00658 0.99884 1.00368 1.00561 0.99903 0.99729 0.99981 1.00464 1.00039 1.00290 0.00000 0.99826 1.00476 1.00073 1.00447 1.00406 1.00327 1.00658 1.00145
yesterday_The_Beatles 0.99512 0.97550 0.99260 0.99906 0.99969 0.96653 0.97929 0.99137 0.99195 0.99379 0.99826 0.00000 1.00053 1.00203 0.99602 0.99644 0.99895 1.00028 0.99845
gimme_shelter_The_Rolling_Stones 1.00899 1.00282 1.00494 1.00582 0.99912 1.00000 1.00317 1.00564 1.00300 1.00670 1.00476 1.00053 0.00000 1.00638 0.99739 0.99683 0.99965 1.00494 1.00207
honky_tonk_women_The_Rolling_Stones 1.00305 1.00145 1.00290 1.00638 1.00102 1.00174 1.00464 1.00305 1.00116 1.00348 1.00073 1.00203 1.00638 0.00000 1.00410 1.00551 1.00397 1.00721 1.00228
jumpin_jack_flash_The_Rolling_Stones 0.99801 0.99988 1.00335 0.99739 1.00025 0.99689 1.00211 0.99379 0.99689 1.00236 1.00447 0.99602 0.99739 1.00410 0.00000 0.99950 1.00280 1.00216 0.99834
paint_it_black_The_Rolling_Stones 1.00493 0.99726 1.00055 1.00603 0.99863 0.99233 1.00110 1.00591 0.99096 1.00466 1.00406 0.99644 0.99683 1.00551 0.99950 0.00000 1.00490 1.00539 1.00010
satisfaction_The_Rolling_Stones 0.99685 1.00023 1.00537 1.00257 1.00023 0.99813 0.99708 0.99673 1.00339 1.00152 1.00327 0.99895 0.99965 1.00397 1.00280 1.00490 0.00000 0.99869 1.00311
sympathy_for_the_devil_The_Rolling_Stones 0.99750 0.99943 1.00403 1.00210 1.00380 0.99938 1.00079 0.99659 1.00216 1.00295 1.00658 1.00028 1.00494 1.00721 1.00216 1.00539 0.99869 0.00000 1.00647
you_cant_always_get_what_you_want_The_Rolling_Stones 1.00041 0.99969 1.00041 1.00031 0.99834 0.99855 1.00124 0.99907 1.00021 1.00269 1.00145 0.99845 1.00207 1.00228 0.99834 1.00010 1.00311 1.00647 0.00000
