19
a_hard_days_night_The_Beatles 0.00000 0.92494 0.91754 0.89679 0.89435 0.91549 0.90615 0.89277 0.90369 0.91291 0.90593 0.92049 0.90044 0.91431 0.91017 0.89785 0.91157 0.92979 0.91840
eleanor_rigby_The_Beatles 0.92494 0.00000 0.88514 0.91141 0.92407 0.88879 0.89880 0.93464 0.92461 0.89951 0.94826 0.89211 0.95180 0.95614 0.95922 0.92808 0.95660 0.97181 0.96091
help_The_Beatles 0.91754 0.88514 0.00000 0.90782 0.91426 0.88244 0.89694 0.92939 0.91627 0.90283 0.93028 0.88816 0.93718 0.94562 0.94796 0.91813 0.95256 0.97019 0.95158
hey_jude_The_Beatles 0.89679 0.91141 0.90782 0.00000 0.90085 0.89712 0.89643 0.90101 0.90399 0.90060 0.91071 0.90785 0.91601 0.92517 0.93166 0.89990 0.92223 0.94818 0.93580
i_saw_her_standing_there_The_Beatles 0.89435 0.92407 0.91426 0.90085 0.00000 0.91224 0.90483 0.89642 0.90872 0.90368 0.90882 0.91901 0.91355 0.91689 0.91577 0.89948 0.91533 0.93318 0.92368
i_want_to_hold_your_hand_The_Beatles 0.91549 0.88879 0.88244 0.89712 0.91224 0.00000 0.89448 0.92232 0.92038 0.90012 0.93273 0.90158 0.93667 0.94417 0.94574 0.92108 0.95131 0.96584 0.95616
in_my_life_The_Beatles 0.90615 0.89880 0.89694 0.89643 0.90483 0.89448 0.00000 0.91860 0.90138 0.89359 0.92813 0.89712 0.92952 0.93532 0.93626 0.91301 0.93504 0.96586 0.94100
let_it_be_The_Beatles 0.89277 0.93464 0.92939 0.90101 0.89642 0.92232 0.91860 0.00000 0.89783 0.91341 0.90383 0.93096 0.90751 0.90803 0.90710 0.89399 0.90639 0.92092 0.91448
she_loves_you_The_Beatles 0.90369 0.92461 0.91627 0.90399 0.90872 0.92038 0.90138 0.89783 0.00000 0.90283 0.91113 0.91434 0.91073 0.91319 0.92121 0.89811 0.91952 0.93995 0.92689
strawberry_fields_forever_The_Beatles 0.91291 0.89951 0.90283 0.90060 0.90368 0.90012 0.89359 0.91341 0.90283 0.00000 0.91902 0.88635 0.92261 0.93850 0.94274 0.90676 0.93410 0.95521 0.94274
while_my_guitar_gently_weeps_The_Beatles 0.90593 0.94826 0.93028 0.91071 0.90882 0.93273 0.92813 0.90383 0.91113 0.91902 0.00000 0.93672 0.90649 0.91397 0.91381 0.90146 0.90556 0.93102 0.91437
yesterday_The_Beatles 0.92049 0.89211 0.88816 0.90785 0.91901 0.90158 0.89712 0.93096 0.91434 0.88635 0.93672 0.00000 0.93896 0.94699 0.95021 0.92489 0.94862 0.97097 0.96530
gimme_shelter_The_Rolling_Stones 0.90044 0.95180 0.93718 0.91601 0.91355 0.93667 0.92952 0.90751 0.91073 0.92261 0.90649 0.93896 0.00000 0.90435 0.91019 0.91652 0.91693 0.92193 0.91600
honky_tonk_women_The_Rolling_Stones 0.91431 0.95614 0.94562 0.92517 0.91689 0.94417 0.93532 0.90803 0.91319 0.93850 0.91397 0.94699 0.90435 0.00000 0.90878 0.91292 0.91431 0.91335 0.92094
jumpin_jack_flash_The_Rolling_Stones 0.91017 0.95922 0.94796 0.93166 0.91577 0.94574 0.93626 0.90710 0.92121 0.94274 0.91381 0.95021 0.91019 0.90878 0.00000 0.91149 0.90744 0.91528 0.90933
paint_it_black_The_Rolling_Stones 0.89785 0.92808 0.91813 0.89990 0.89948 0.92108 0.91301 0.89399 0.89811 0.90676 0.90146 0.92489 0.91652 0.91292 0.91149 0.00000 0.91472 0.92935 0.91788
satisfaction_The_Rolling_Stones 0.91157 0.95660 0.95256 0.92223 0.91533 0.95131 0.93504 0.90639 0.91952 0.93410 0.90556 0.94862 0.91693 0.91431 0.90744 0.91472 0.00000 0.91280 0.90924
sympathy_for_the_devil_The_Rolling_Stones 0.92979 0.97181 0.97019 0.94818 0.93318 0.96584 0.96586 0.92092 0.93995 0.95521 0.93102 0.97097 0.92193 0.91335 0.91528 0.92935 0.91280 0.00000 0.91716
you_cant_always_get_what_you_want_The_Rolling_Stones 0.91840 0.96091 0.95158 0.93580 0.92368 0.95616 0.94100 0.91448 0.92689 0.94274 0.91437 0.96530 0.91600 0.92094 0.90933 0.91788 0.90924 0.91716 0.00000
