19
a_hard_days_night_The_Beatles 0.00000 0.63380 0.65493 0.73548 0.66901 0.72535 0.69718 0.68310 0.63380 0.66901 0.71831 0.66197 0.71429 0.69014 0.71831 0.69014 0.74157 0.88055 0.84980
eleanor_rigby_The_Beatles 0.63380 0.00000 0.65693 0.72258 0.62810 0.61165 0.59813 0.69014 0.62121 0.66393 0.56311 0.59615 0.73292 0.64103 0.66372 0.62500 0.73034 0.88055 0.85771
help_The_Beatles 0.65493 0.65693 0.00000 0.74839 0.65693 0.70803 0.64964 0.69718 0.68613 0.70073 0.70073 0.68613 0.72050 0.67153 0.71533 0.67153 0.73034 0.85666 0.82609
hey_jude_The_Beatles 0.73548 0.72258 0.74839 0.00000 0.77419 0.80000 0.76129 0.77419 0.72903 0.71613 0.75484 0.74194 0.79503 0.76129 0.78710 0.71613 0.76404 0.90444 0.88538
i_saw_her_standing_there_The_Beatles 0.66901 0.62810 0.65693 0.77419 0.00000 0.66942 0.63636 0.69718 0.63636 0.67213 0.63636 0.62810 0.70807 0.64463 0.67769 0.63281 0.71348 0.88737 0.84980
i_want_to_hold_your_hand_The_Beatles 0.72535 0.61165 0.70803 0.80000 0.66942 0.00000 0.63551 0.73944 0.68182 0.68852 0.59140 0.62500 0.78261 0.68376 0.70796 0.69531 0.78090 0.88055 0.84980
in_my_life_The_Beatles 0.69718 0.59813 0.64964 0.76129 0.63636 0.63551 0.00000 0.70423 0.66667 0.66393 0.59813 0.59813 0.74534 0.64103 0.65487 0.64063 0.73034 0.87031 0.83004
let_it_be_The_Beatles 0.68310 0.69014 0.69718 0.77419 0.69718 0.73944 0.70423 0.00000 0.65493 0.69718 0.71831 0.66901 0.71429 0.68310 0.71831 0.66901 0.74157 0.87713 0.81423
she_loves_you_The_Beatles 0.63380 0.62121 0.68613 0.72903 0.63636 0.68182 0.66667 0.65493 0.00000 0.64394 0.65909 0.64394 0.71429 0.65152 0.68182 0.62121 0.72472 0.86689 0.84190
strawberry_fields_forever_The_Beatles 0.66901 0.66393 0.70073 0.71613 0.67213 0.68852 0.66393 0.69718 0.64394 0.00000 0.66393 0.66393 0.75776 0.62295 0.65574 0.64844 0.74719 0.87372 0.86957
while_my_guitar_gently_weeps_The_Beatles 0.71831 0.56311 0.70073 0.75484 0.63636 0.59140 0.59813 0.71831 0.65909 0.66393 0.00000 0.57692 0.75776 0.67521 0.66372 0.65625 0.73596 0.88055 0.85375
yesterday_The_Beatles 0.66197 0.59615 0.68613 0.74194 0.62810 0.62500 0.59813 0.66901 0.64394 0.66393 0.57692 0.00000 0.73913 0.63248 0.63717 0.65625 0.75281 0.87031 0.85375
gimme_shelter_The_Rolling_Stones 0.71429 0.73292 0.72050 0.79503 0.70807 0.78261 0.74534 0.71429 0.71429 0.75776 0.75776 0.73913 0.00000 0.73292 0.74534 0.73292 0.72472 0.86348 0.82213
honky_tonk_women_The_Rolling_Stones 0.69014 0.64103 0.67153 0.76129 0.64463 0.68376 0.64103 0.68310 0.65152 0.62295 0.67521 0.63248 0.73292 0.00000 0.64103 0.64844 0.74157 0.86348 0.85375
jumpin_jack_flash_The_Rolling_Stones 0.71831 0.66372 0.71533 0.78710 0.67769 0.70796 0.65487 0.71831 0.68182 0.65574 0.66372 0.63717 0.74534 0.64103 0.00000 0.67188 0.75281 0.86348 0.85375
paint_it_black_The_Rolling_Stones 0.69014 0.62500 0.67153 0.71613 0.63281 0.69531 0.64063 0.66901 0.62121 0.64844 0.65625 0.65625 0.73292 0.64844 0.67188 0.00000 0.70787 0.86348 0.84585
satisfaction_The_Rolling_Stones 0.74157 0.73034 0.73034 0.76404 0.71348 0.78090 0.73034 0.74157 0.72472 0.74719 0.73596 0.75281 0.72472 0.74157 0.75281 0.70787 0.00000 0.83618 0.83794
sympathy_for_the_devil_The_Rolling_Stones 0.88055 0.88055 0.85666 0.90444 0.88737 0.88055 0.87031 0.87713 0.86689 0.87372 0.88055 0.87031 0.86348 0.86348 0.86348 0.86348 0.83618 0.00000 0.86007
you_cant_always_get_what_you_want_The_Rolling_Stones 0.84980 0.85771 0.82609 0.88538 0.84980 0.84980 0.83004 0.81423 0.84190 0.86957 0.85375 0.85375 0.82213 0.85375 0.85375 0.84585 0.83794 0.86007 0.00000
