25
giant_steps_John_Coltrane 0.00000 0.52742 0.55501 0.48425 0.54814 0.52675 0.52402 0.48447 0.53311 0.51150 0.49915 0.48435 0.52639 0.51098 0.53966 0.49804 0.52113 0.49622 0.53635 0.49749 0.53942 0.54038 0.53569 0.54398 0.54968
blue_train_John_Coltrane 0.52742 0.00000 0.54115 0.50474 0.55453 0.53071 0.52186 0.52150 0.53590 0.54331 0.54348 0.54629 0.53002 0.52286 0.55886 0.54836 0.53999 0.53579 0.55527 0.56431 0.55442 0.56566 0.56671 0.54850 0.54475
impressions_John_Coltrane 0.55501 0.54115 0.00000 0.54220 0.54766 0.53326 0.54333 0.51072 0.54467 0.54382 0.54118 0.54414 0.53396 0.51924 0.52457 0.54406 0.54030 0.52245 0.54407 0.53461 0.53528 0.54820 0.54474 0.57349 0.55709
nature_boy_John_Coltrane 0.48425 0.50474 0.54220 0.00000 0.52474 0.53252 0.50963 0.52018 0.51429 0.55349 0.52866 0.53529 0.53239 0.50747 0.52492 0.52642 0.52260 0.50989 0.53799 0.49816 0.52941 0.51533 0.53063 0.53632 0.53644
soultrane_John_Coltrane 0.54814 0.55453 0.54766 0.52474 0.00000 0.56534 0.52966 0.51665 0.59577 0.53391 0.55543 0.57408 0.57157 0.52060 0.59238 0.54982 0.55214 0.57197 0.55359 0.55682 0.53702 0.57492 0.56628 0.56060 0.56955
agitation_Miles_Davis 0.52675 0.53071 0.53326 0.53252 0.56534 0.00000 0.54422 0.53540 0.59987 0.56326 0.58077 0.58103 0.56572 0.54584 0.57372 0.59223 0.61147 0.51595 0.57966 0.54215 0.57119 0.57531 0.58038 0.57268 0.55950
so_what_Miles_Davis 0.52402 0.52186 0.54333 0.50963 0.52966 0.54422 0.00000 0.52497 0.54565 0.54755 0.53477 0.56704 0.56912 0.54355 0.54965 0.54379 0.53003 0.50449 0.53699 0.47746 0.57423 0.48118 0.54599 0.55672 0.50705
blues_by_five_Miles_Davis 0.48447 0.52150 0.51072 0.52018 0.51665 0.53540 0.52497 0.00000 0.55258 0.53234 0.58388 0.59365 0.54788 0.53893 0.55595 0.52901 0.55143 0.52045 0.56301 0.48476 0.53156 0.51578 0.56207 0.54155 0.51837
dolores_Miles_Davis 0.53311 0.53590 0.54467 0.51429 0.59577 0.59987 0.54565 0.55258 0.00000 0.56960 0.61621 0.63480 0.59589 0.54318 0.56988 0.56717 0.58840 0.53832 0.59439 0.54069 0.52999 0.55073 0.58179 0.54524 0.52851
tune_up_Miles_Davis 0.51150 0.54331 0.54382 0.55349 0.53391 0.56326 0.54755 0.53234 0.56960 0.00000 0.55175 0.55820 0.59318 0.50245 0.56135 0.56479 0.58591 0.54130 0.59291 0.51502 0.55954 0.53756 0.58214 0.56438 0.54535
anthropology_Dizzy_Gillespie 0.49915 0.54348 0.54118 0.52866 0.55543 0.58077 0.53477 0.58388 0.61621 0.55175 0.00000 0.65073 0.61615 0.55610 0.59696 0.58324 0.62495 0.55580 0.57190 0.53495 0.56516 0.55462 0.59638 0.54392 0.56570
cognac_blues_Dizzy_Gillespie 0.48435 0.54629 0.54414 0.53529 0.57408 0.58103 0.56704 0.59365 0.63480 0.55820 0.65073 0.00000 0.62565 0.57225 0.58732 0.58735 0.57142 0.55088 0.55629 0.52958 0.57735 0.51850 0.58718 0.54885 0.53832
hot_house_Dizzy_Gillespie 0.52639 0.53002 0.53396 0.53239 0.57157 0.56572 0.56912 0.54788 0.59589 0.59318 0.61615 0.62565 0.00000 0.57154 0.56700 0.56804 0.59537 0.54722 0.59126 0.53445 0.56866 0.53921 0.58559 0.58040 0.58209
groovin_high_Dizzy_Gillespie 0.51098 0.52286 0.51924 0.50747 0.52060 0.54584 0.54355 0.53893 0.54318 0.50245 0.55610 0.57225 0.57154 0.00000 0.53959 0.52639 0.52009 0.51236 0.52135 0.49508 0.50975 0.53350 0.53102 0.52851 0.52808
i_fall_in_love_too_easily_Chet_Baker 0.53966 0.55886 0.52457 0.52492 0.59238 0.57372 0.54965 0.55595 0.56988 0.56135 0.59696 0.58732 0.56700 0.53959 0.00000 0.60095 0.56466 0.53429 0.59189 0.52703 0.57036 0.54777 0.58219 0.55419 0.58554
just_friends_Chet_Baker 0.49804 0.54836 0.54406 0.52642 0.54982 0.59223 0.54379 0.52901 0.56717 0.56479 0.58324 0.58735 0.56804 0.52639 0.60095 0.00000 0.59690 0.53452 0.58018 0.53984 0.58050 0.59108 0.58747 0.56604 0.56014
long_ago_and_far_away_Chet_Baker 0.52113 0.53999 0.54030 0.52260 0.55214 0.61147 0.53003 0.55143 0.58840 0.58591 0.62495 0.57142 0.59537 0.52009 0.56466 0.59690 0.00000 0.53438 0.61846 0.48769 0.56825 0.51409 0.54934 0.57519 0.55995
there_will_never_be_another_you_Chet_Baker 0.49622 0.53579 0.52245 0.50989 0.57197 0.51595 0.50449 0.52045 0.53832 0.54130 0.55580 0.55088 0.54722 0.51236 0.53429 0.53452 0.53438 0.00000 0.54549 0.46522 0.56465 0.48942 0.53718 0.53648 0.47536
blues_for_alice_Charlie_Parker 0.53635 0.55527 0.54407 0.53799 0.55359 0.57966 0.53699 0.56301 0.59439 0.59291 0.57190 0.55629 0.59126 0.52135 0.59189 0.58018 0.61846 0.54549 0.00000 0.55504 0.58482 0.55520 0.58578 0.57075 0.58517
donna_lee_Charlie_Parker 0.49749 0.56431 0.53461 0.49816 0.55682 0.54215 0.47746 0.48476 0.54069 0.51502 0.53495 0.52958 0.53445 0.49508 0.52703 0.53984 0.48769 0.46522 0.55504 0.00000 0.58414 0.56698 0.56101 0.54509 0.51752
embraceable_you_Charlie_Parker 0.53942 0.55442 0.53528 0.52941 0.53702 0.57119 0.57423 0.53156 0.52999 0.55954 0.56516 0.57735 0.56866 0.50975 0.57036 0.58050 0.56825 0.56465 0.58482 0.58414 0.00000 0.57792 0.57013 0.56077 0.57954
how_deep_is_the_ocean_Charlie_Parker 0.54038 0.56566 0.54820 0.51533 0.57492 0.57531 0.48118 0.51578 0.55073 0.53756 0.55462 0.51850 0.53921 0.53350 0.54777 0.59108 0.51409 0.48942 0.55520 0.56698 0.57792 0.00000 0.54734 0.56744 0.51032
ornithology_Charlie_Parker 0.53569 0.56671 0.54474 0.53063 0.56628 0.58038 0.54599 0.56207 0.58179 0.58214 0.59638 0.58718 0.58559 0.53102 0.58219 0.58747 0.54934 0.53718 0.58578 0.56101 0.57013 0.54734 0.00000 0.58157 0.56166
out_of_nowhere_Charlie_Parker 0.54398 0.54850 0.57349 0.53632 0.56060 0.57268 0.55672 0.54155 0.54524 0.56438 0.54392 0.54885 0.58040 0.52851 0.55419 0.56604 0.57519 0.53648 0.57075 0.54509 0.56077 0.56744 0.58157 0.00000 0.56827
yardbird_suite_Charlie_Parker 0.54968 0.54475 0.55709 0.53644 0.56955 0.55950 0.50705 0.51837 0.52851 0.54535 0.56570 0.53832 0.58209 0.52808 0.58554 0.56014 0.55995 0.47536 0.58517 0.51752 0.57954 0.51032 0.56166 0.56827 0.00000
