25
giant_steps_John_Coltrane 0.00000 0.81612 0.94488 0.88852 0.89623 0.91512 0.94471 0.92240 0.92125 0.93959 0.97288 0.99702 0.95366 0.92502 0.94548 0.93492 0.96109 0.95871 0.92980 0.92251 0.89892 0.90043 0.91535 0.89125 0.94843
blue_train_John_Coltrane 0.81612 0.00000 0.95983 0.90076 0.90299 0.93341 0.95763 0.94284 0.92529 0.94460 0.98172 0.98948 0.96040 0.93407 0.96339 0.97757 0.96910 0.96297 0.95944 0.91984 0.92660 0.90599 0.94758 0.91069 0.95202
impressions_John_Coltrane 0.94488 0.95983 0.00000 0.92379 1.00287 0.97430 0.98319 0.97468 1.00423 1.00345 0.99424 1.02085 0.99418 0.97945 0.99113 0.99160 0.98393 1.00212 0.99567 0.99554 0.98376 0.97525 0.98297 0.98244 1.01501
nature_boy_John_Coltrane 0.88852 0.90076 0.92379 0.00000 0.94101 0.95541 0.96455 0.95902 0.96938 0.97844 0.98239 0.98907 0.97031 0.95256 0.96037 0.96618 0.96842 0.96894 0.96352 0.96684 0.92957 0.93515 0.96082 0.93980 1.00099
soultrane_John_Coltrane 0.89623 0.90299 1.00287 0.94101 0.00000 0.91869 0.91603 0.90550 0.85793 0.89171 0.96862 0.96551 0.93165 0.91387 0.88840 0.91725 0.93316 0.92108 0.87643 0.86606 0.86375 0.79363 0.87470 0.89410 0.88677
agitation_Miles_Davis 0.91512 0.93341 0.97430 0.95541 0.91869 0.00000 0.89313 0.84904 0.78228 0.90254 0.93971 0.94457 0.93287 0.87592 0.93402 0.96803 0.88101 0.92817 0.90719 0.92642 0.89274 0.87458 0.89047 0.86448 0.96092
so_what_Miles_Davis 0.94471 0.95763 0.98319 0.96455 0.91603 0.89313 0.00000 0.91977 0.86794 0.88483 0.96074 1.00312 0.86441 0.91563 0.94126 0.91007 0.89425 0.92686 0.89613 0.95408 0.91395 0.94006 0.87144 0.92364 0.94229
blues_by_five_Miles_Davis 0.92240 0.94284 0.97468 0.95902 0.90550 0.84904 0.91977 0.00000 0.80704 0.86563 0.94430 0.97488 0.89529 0.87330 0.93009 0.96617 0.90897 0.93895 0.95957 0.89930 0.92950 0.87850 0.92971 0.91420 1.00157
dolores_Miles_Davis 0.92125 0.92529 1.00423 0.96938 0.85793 0.78228 0.86794 0.80704 0.00000 0.86599 0.91328 0.93734 0.86360 0.85905 0.89137 0.89137 0.86360 0.88495 0.88386 0.89869 0.90193 0.81022 0.86754 0.88733 0.89449
tune_up_Miles_Davis 0.93959 0.94460 1.00345 0.97844 0.89171 0.90254 0.88483 0.86563 0.86599 0.00000 0.95622 0.97880 0.89714 0.92785 0.91530 0.86024 0.88121 0.89055 0.87397 0.92306 0.90269 0.91378 0.84798 0.91709 0.86024
anthropology_Dizzy_Gillespie 0.97288 0.98172 0.99424 0.98239 0.96862 0.93971 0.96074 0.94430 0.91328 0.95622 0.00000 0.93856 0.89649 0.94220 0.96823 0.95763 0.93693 0.95940 0.95800 0.96740 0.97860 0.96816 0.96209 0.96324 0.98268
cognac_blues_Dizzy_Gillespie 0.99702 0.98948 1.02085 0.98907 0.96551 0.94457 1.00312 0.97488 0.93734 0.97880 0.93856 0.00000 0.98221 0.96840 0.93431 0.98020 0.95821 0.97341 0.96653 0.99739 0.98046 0.99187 0.97313 0.98307 0.99057
hot_house_Dizzy_Gillespie 0.95366 0.96040 0.99418 0.97031 0.93165 0.93287 0.86441 0.89529 0.86360 0.89714 0.89649 0.98221 0.00000 0.89451 0.91728 0.90220 0.86913 0.90428 0.90164 0.92306 0.93965 0.93169 0.88927 0.93394 0.94857
groovin_high_Dizzy_Gillespie 0.92502 0.93407 0.97945 0.95256 0.91387 0.87592 0.91563 0.87330 0.85905 0.92785 0.94220 0.96840 0.89451 0.00000 0.94255 0.94179 0.91972 0.93814 0.95024 0.93335 0.93240 0.90423 0.93260 0.92423 0.93961
i_fall_in_love_too_easily_Chet_Baker 0.94548 0.96339 0.99113 0.96037 0.88840 0.93402 0.94126 0.93009 0.89137 0.91530 0.96823 0.93431 0.91728 0.94255 0.00000 0.90067 0.87962 0.86264 0.92700 0.91371 0.94357 0.90859 0.85505 0.92226 0.89960
just_friends_Chet_Baker 0.93492 0.97757 0.99160 0.96618 0.91725 0.96803 0.91007 0.96617 0.89137 0.86024 0.95763 0.98020 0.90220 0.94179 0.90067 0.00000 0.86386 0.84932 0.89156 0.95225 0.91552 0.91191 0.86856 0.92480 0.89655
long_ago_and_far_away_Chet_Baker 0.96109 0.96910 0.98393 0.96842 0.93316 0.88101 0.89425 0.90897 0.86360 0.88121 0.93693 0.95821 0.86913 0.91972 0.87962 0.86386 0.00000 0.85970 0.91086 0.95107 0.92679 0.94325 0.89687 0.91008 0.94633
there_will_never_be_another_you_Chet_Baker 0.95871 0.96297 1.00212 0.96894 0.92108 0.92817 0.92686 0.93895 0.88495 0.89055 0.95940 0.97341 0.90428 0.93814 0.86264 0.84932 0.85970 0.00000 0.87486 0.94857 0.92390 0.96074 0.86900 0.93170 0.89655
blues_for_alice_Charlie_Parker 0.92980 0.95944 0.99567 0.96352 0.87643 0.90719 0.89613 0.95957 0.88386 0.87397 0.95800 0.96653 0.90164 0.95024 0.92700 0.89156 0.91086 0.87486 0.00000 0.93269 0.89695 0.90902 0.87963 0.92777 0.86026
donna_lee_Charlie_Parker 0.92251 0.91984 0.99554 0.96684 0.86606 0.92642 0.95408 0.89930 0.89869 0.92306 0.96740 0.99739 0.92306 0.93335 0.91371 0.95225 0.95107 0.94857 0.93269 0.00000 0.93113 0.87263 0.92835 0.91557 0.94122
embraceable_you_Charlie_Parker 0.89892 0.92660 0.98376 0.92957 0.86375 0.89274 0.91395 0.92950 0.90193 0.90269 0.97860 0.98046 0.93965 0.93240 0.94357 0.91552 0.92679 0.92390 0.89695 0.93113 0.00000 0.88836 0.90546 0.85504 0.89276
how_deep_is_the_ocean_Charlie_Parker 0.90043 0.90599 0.97525 0.93515 0.79363 0.87458 0.94006 0.87850 0.81022 0.91378 0.96816 0.99187 0.93169 0.90423 0.90859 0.91191 0.94325 0.96074 0.90902 0.87263 0.88836 0.00000 0.91066 0.87254 0.91769
ornithology_Charlie_Parker 0.91535 0.94758 0.98297 0.96082 0.87470 0.89047 0.87144 0.92971 0.86754 0.84798 0.96209 0.97313 0.88927 0.93260 0.85505 0.86856 0.89687 0.86900 0.87963 0.92835 0.90546 0.91066 0.00000 0.92088 0.82146
out_of_nowhere_Charlie_Parker 0.89125 0.91069 0.98244 0.93980 0.89410 0.86448 0.92364 0.91420 0.88733 0.91709 0.96324 0.98307 0.93394 0.92423 0.92226 0.92480 0.91008 0.93170 0.92777 0.91557 0.85504 0.87254 0.92088 0.00000 0.91420
yardbird_suite_Charlie_Parker 0.94843 0.95202 1.01501 1.00099 0.88677 0.96092 0.94229 1.00157 0.89449 0.86024 0.98268 0.99057 0.94857 0.93961 0.89960 0.89655 0.94633 0.89655 0.86026 0.94122 0.89276 0.91769 0.82146 0.91420 0.00000
