21
giant_steps_John_Coltrane 0.00000 0.85604 0.91469 0.85633 0.89343 0.92752 0.88731 0.93101 0.90663 0.89009 0.89975 0.90332 0.90494 0.88731 0.88443 0.89057 0.92888 0.92456 0.88193 0.92644 0.96072
blue_train_John_Coltrane 0.85604 0.00000 0.92511 0.86617 0.87545 0.92401 0.89339 0.93310 0.90379 0.90832 0.91315 0.89603 0.90201 0.89339 0.88829 0.89491 0.92222 0.93575 0.88974 0.92286 0.96119
impressions_John_Coltrane 0.91469 0.92511 0.00000 0.89195 0.97543 0.98432 0.95210 0.98545 0.97251 0.96627 0.97397 0.95588 0.96415 0.95210 0.96273 0.96428 0.97959 0.98736 0.96386 0.98313 0.98772
nature_boy_John_Coltrane 0.85633 0.86617 0.89195 0.00000 0.90581 0.95106 0.90461 0.94343 0.93105 0.92944 0.91620 0.90196 0.91744 0.90461 0.89897 0.90638 0.93445 0.95557 0.91752 0.94586 0.95672
soultrane_John_Coltrane 0.89343 0.87545 0.97543 0.90581 0.00000 0.90830 0.89454 0.91264 0.88702 0.88515 0.86930 0.89225 0.87906 0.89454 0.85381 0.87317 0.87082 0.89101 0.87944 0.89274 0.93184
bessies_blues_John_Coltrane 0.92752 0.92401 0.98432 0.95106 0.90830 0.00000 0.92573 0.89639 0.90884 0.92130 0.91086 0.93059 0.91814 0.92573 0.91443 0.90698 0.89175 0.90112 0.90975 0.91403 0.90309
blues_by_five_John_Coltrane 0.88731 0.89339 0.95210 0.90461 0.89454 0.92573 0.00000 0.88011 0.90073 0.91260 0.88012 0.84496 0.85898 1.24126 0.86825 0.87048 0.91353 0.92483 0.89440 0.90563 0.92559
body_and_soul_John_Coltrane 0.93101 0.93310 0.98545 0.94343 0.91264 0.89639 0.88011 0.00000 0.88114 0.89899 0.89752 0.90660 0.88400 0.88011 0.88120 0.88594 0.87939 0.87888 0.89030 0.88797 0.92265
my_favorite_things_John_Coltrane 0.90663 0.90379 0.97251 0.93105 0.88702 0.90884 0.90073 0.88114 0.00000 0.88118 0.87153 0.88607 0.89795 0.90073 0.88888 0.88406 0.91904 0.93875 0.90373 0.91565 0.92754
nutty_John_Coltrane 0.89009 0.90832 0.96627 0.92944 0.88515 0.92130 0.91260 0.89899 0.88118 0.00000 0.88509 0.92069 0.91173 0.91260 0.89533 0.89903 0.88764 0.92058 0.87595 0.92617 0.94497
oleo_John_Coltrane 0.89975 0.91315 0.97397 0.91620 0.86930 0.91086 0.88012 0.89752 0.87153 0.88509 0.00000 0.88561 0.87824 0.88012 0.88353 0.88850 0.88529 0.88574 0.86106 0.88836 0.92669
agitation_Miles_Davis 0.90332 0.89603 0.95588 0.90196 0.89225 0.93059 0.84496 0.90660 0.88607 0.92069 0.88561 0.00000 0.86240 0.84496 0.82585 0.87744 0.91275 0.92266 0.88951 0.92477 0.92181
so_what_Miles_Davis 0.90494 0.90201 0.96415 0.91744 0.87906 0.91814 0.85898 0.88400 0.89795 0.91173 0.87824 0.86240 0.00000 0.85898 0.87398 0.86879 0.89057 0.89587 0.89059 0.89568 0.90894
blues_by_five_Miles_Davis 0.88731 0.89339 0.95210 0.90461 0.89454 0.92573 1.24126 0.88011 0.90073 0.91260 0.88012 0.84496 0.85898 0.00000 0.86825 0.87048 0.91353 0.92483 0.89440 0.90563 0.92559
dolores_Miles_Davis 0.88443 0.88829 0.96273 0.89897 0.85381 0.91443 0.86825 0.88120 0.88888 0.89533 0.88353 0.82585 0.87398 0.86825 0.00000 0.85300 0.89376 0.90002 0.87036 0.90573 0.93965
tune_up_Miles_Davis 0.89057 0.89491 0.96428 0.90638 0.87317 0.90698 0.87048 0.88594 0.88406 0.89903 0.88850 0.87744 0.86879 0.87048 0.85300 0.00000 0.89506 0.90422 0.88994 0.92533 0.92093
airegin_Miles_Davis 0.92888 0.92222 0.97959 0.93445 0.87082 0.89175 0.91353 0.87939 0.91904 0.88764 0.88529 0.91275 0.89057 0.91353 0.89376 0.89506 0.00000 0.91758 0.87910 0.89753 0.91380
bitches_brew_Miles_Davis 0.92456 0.93575 0.98736 0.95557 0.89101 0.90112 0.92483 0.87888 0.93875 0.92058 0.88574 0.92266 0.89587 0.92483 0.90002 0.90422 0.91758 0.00000 0.92884 0.91755 0.90118
esp_Miles_Davis 0.88193 0.88974 0.96386 0.91752 0.87944 0.90975 0.89440 0.89030 0.90373 0.87595 0.86106 0.88951 0.89059 0.89440 0.87036 0.88994 0.87910 0.92884 0.00000 0.87732 0.93001
orbits_Miles_Davis 0.92644 0.92286 0.98313 0.94586 0.89274 0.91403 0.90563 0.88797 0.91565 0.92617 0.88836 0.92477 0.89568 0.90563 0.90573 0.92533 0.89753 0.91755 0.87732 0.00000 0.90488
vierd_blues_Miles_Davis 0.96072 0.96119 0.98772 0.95672 0.93184 0.90309 0.92559 0.92265 0.92754 0.94497 0.92669 0.92181 0.90894 0.92559 0.93965 0.92093 0.91380 0.90118 0.93001 0.90488 0.00000
